136.513 944.730 -431.302 0.000 0.000 0.000 0.000
146.616 969.722 -444.406 0.000 0.000 0.000 0.000
140.368 968.979 -453.904 0.000 0.000 0.000 0.000
148.165 994.750 -466.650 0.000 0.000 0.000 0.000
142.904 995.655 -471.354 0.000 0.000 0.000 0.000
165.436 1043.527 -491.381 0.000 0.000 0.000 0.000
160.522 1044.843 -494.839 0.000 0.000 0.000 0.000
168.119 1069.492 -505.666 0.000 0.000 0.000 0.000
177.918 1092.886 -516.423 0.000 0.000 0.000 0.000
170.981 1095.354 -518.537 0.000 0.000 0.000 0.000
166.599 1097.395 -519.674 0.000 0.000 0.000 0.000
174.664 1122.240 -526.696 0.000 0.000 0.000 0.000
170.544 1124.650 -526.698 0.000 0.000 0.000 0.000
178.498 1148.994 -533.585 0.000 0.000 0.000 0.000
200.162 1193.159 -545.871 0.000 0.000 0.000 0.000
196.379 1195.872 -544.796 0.000 0.000 0.000 0.000
190.801 1200.118 -542.626 0.000 0.000 0.000 0.000
199.176 1224.529 -544.868 0.000 0.000 0.000 0.000
206.988 1247.762 -549.202 0.000 0.000 0.000 0.000
215.062 1271.279 -551.344 0.000 0.000 0.000 0.000
212.181 1275.319 -546.058 0.000 0.000 0.000 0.000
220.342 1298.721 -547.177 0.000 0.000 0.000 0.000
228.544 1322.036 -547.230 0.000 0.000 0.000 0.000
224.014 1327.451 -541.020 0.000 0.000 0.000 0.000
221.783 1332.448 -532.739 0.000 0.000 0.000 0.000
230.088 1355.575 -531.893 0.000 0.000 0.000 0.000
238.637 1378.963 -529.046 0.000 0.000 0.000 0.000
247.224 1402.222 -526.359 0.000 0.000 0.000 0.000
245.041 1407.101 -517.185 0.000 0.000 0.000 0.000
241.387 1413.669 -507.127 0.000 0.000 0.000 0.000
260.160 1453.763 -508.933 0.000 0.000 0.000 0.000
246.615 1443.588 -491.595 0.000 0.000 0.000 0.000
255.714 1467.192 -484.239 0.000 0.000 0.000 0.000
264.281 1489.727 -478.973 0.000 0.000 0.000 0.000
263.253 1496.334 -465.272 0.000 0.000 0.000 0.000
270.250 1520.068 -458.287 0.000 0.000 0.000 0.000
279.237 1542.915 -450.560 0.000 0.000 0.000 0.000
278.236 1549.471 -436.040 0.000 0.000 0.000 0.000
276.154 1558.192 -418.755 0.000 0.000 0.000 0.000
285.349 1581.099 -409.535 0.000 0.000 0.000 0.000
285.033 1588.720 -392.404 0.000 0.000 0.000 0.000
294.091 1611.252 -382.441 0.000 0.000 0.000 0.000
292.020 1619.764 -365.477 0.000 0.000 0.000 0.000
290.295 1628.876 -346.635 0.000 0.000 0.000 0.000
300.040 1652.172 -334.571 0.000 0.000 0.000 0.000
298.875 1654.256 -329.678 0.000 0.000 0.000 0.000
307.064 1662.749 -353.073 0.000 0.000 0.000 0.000
295.171 1643.618 -360.766 0.000 0.000 0.000 0.000
313.965 1665.241 -389.678 0.000 0.000 0.000 0.000
314.171 1657.817 -405.115 0.000 0.000 0.000 0.000
320.301 1666.999 -426.442 0.000 0.000 0.000 0.000
317.922 1662.818 -439.250 0.000 0.000 0.000 0.000
317.229 1657.680 -452.051 0.000 0.000 0.000 0.000
325.299 1666.439 -471.029 0.000 0.000 0.000 0.000
333.578 1675.650 -487.910 0.000 0.000 0.000 0.000
333.228 1671.173 -498.721 0.000 0.000 0.000 0.000
331.219 1667.640 -509.542 0.000 0.000 0.000 0.000
330.866 1663.158 -520.359 0.000 0.000 0.000 0.000
339.370 1672.905 -534.948 0.000 0.000 0.000 0.000
339.384 1669.146 -542.916 0.000 0.000 0.000 0.000
330.806 1651.459 -547.414 0.000 0.000 0.000 0.000
339.338 1661.396 -560.819 0.000 0.000 0.000 0.000
348.043 1671.662 -573.215 0.000 0.000 0.000 0.000
356.942 1682.347 -583.658 0.000 0.000 0.000 0.000
357.247 1679.103 -590.714 0.000 0.000 0.000 0.000
356.262 1677.371 -596.011 0.000 0.000 0.000 0.000
356.893 1674.702 -601.304 0.000 0.000 0.000 0.000
357.853 1672.609 -604.832 0.000 0.000 0.000 0.000
366.935 1683.778 -613.206 0.000 0.000 0.000 0.000
367.887 1681.699 -616.708 0.000 0.000 0.000 0.000
369.165 1680.194 -618.457 0.000 0.000 0.000 0.000
362.319 1665.290 -616.377 0.000 0.000 0.000 0.000
371.394 1676.606 -623.709 0.000 0.000 0.000 0.000
380.953 1688.798 -628.398 0.000 0.000 0.000 0.000
390.368 1700.805 -633.017 0.000 0.000 0.000 0.000
374.769 1675.036 -622.819 0.000 0.000 0.000 0.000
384.461 1687.516 -626.649 0.000 0.000 0.000 0.000
386.342 1687.053 -625.848 0.000 0.000 0.000 0.000
388.295 1686.804 -623.158 0.000 0.000 0.000 0.000
397.975 1699.391 -626.087 0.000 0.000 0.000 0.000
400.199 1699.604 -622.626 0.000 0.000 0.000 0.000
402.424 1699.818 -619.165 0.000 0.000 0.000 0.000
396.940 1687.098 -610.952 0.000 0.000 0.000 0.000
399.183 1687.315 -607.465 0.000 0.000 0.000 0.000
400.480 1689.601 -600.503 0.000 0.000 0.000 0.000
403.373 1690.962 -593.536 0.000 0.000 0.000 0.000
406.267 1692.325 -586.569 0.000 0.000 0.000 0.000
409.161 1693.688 -579.603 0.000 0.000 0.000 0.000
419.645 1707.918 -577.677 0.000 0.000 0.000 0.000
422.518 1709.271 -570.764 0.000 0.000 0.000 0.000
416.830 1699.699 -556.173 0.000 0.000 0.000 0.000
420.117 1701.787 -546.537 0.000 0.000 0.000 0.000
423.662 1704.298 -536.099 0.000 0.000 0.000 0.000
428.730 1705.728 -526.582 0.000 0.000 0.000 0.000
432.030 1707.835 -516.954 0.000 0.000 0.000 0.000
426.693 1698.750 -500.101 0.000 0.000 0.000 0.000
430.592 1701.859 -487.839 0.000 0.000 0.000 0.000
434.580 1705.150 -474.648 0.000 0.000 0.000 0.000
429.549 1696.555 -455.589 0.000 0.000 0.000 0.000
433.574 1699.881 -442.305 0.000 0.000 0.000 0.000
437.838 1703.605 -428.204 0.000 0.000 0.000 0.000
442.003 1707.133 -415.042 0.000 0.000 0.000 0.000
446.367 1711.056 -400.013 0.000 0.000 0.000 0.000
451.184 1715.738 -383.338 0.000 0.000 0.000 0.000
449.636 1705.514 -362.486 0.000 0.000 0.000 0.000
454.266 1709.858 -346.526 0.000 0.000 0.000 0.000
456.585 1713.954 -334.128 0.000 0.000 0.000 0.000
454.294 1713.689 -338.732 0.000 0.000 0.000 0.000
458.420 1724.662 -354.464 0.000 0.000 0.000 0.000
455.456 1723.280 -360.477 0.000 0.000 0.000 0.000
459.874 1734.684 -374.188 0.000 0.000 0.000 0.000
464.243 1745.895 -388.707 0.000 0.000 0.000 0.000
461.330 1744.545 -394.639 0.000 0.000 0.000 0.000
465.981 1756.170 -407.177 0.000 0.000 0.000 0.000
465.006 1754.501 -411.334 0.000 0.000 0.000 0.000
460.876 1754.582 -417.527 0.000 0.000 0.000 0.000
464.223 1767.531 -427.114 0.000 0.000 0.000 0.000
469.078 1779.435 -435.563 0.000 0.000 0.000 0.000
466.881 1779.211 -438.967 0.000 0.000 0.000 0.000
464.998 1779.543 -440.676 0.000 0.000 0.000 0.000
470.144 1791.801 -448.261 0.000 0.000 0.000 0.000
475.216 1803.883 -455.736 0.000 0.000 0.000 0.000
473.685 1804.724 -456.716 0.000 0.000 0.000 0.000
472.143 1805.599 -456.730 0.000 0.000 0.000 0.000
478.686 1816.660 -463.117 0.000 0.000 0.000 0.000
475.623 1818.396 -463.144 0.000 0.000 0.000 0.000
473.188 1821.179 -460.813 0.000 0.000 0.000 0.000
479.081 1834.484 -463.150 0.000 0.000 0.000 0.000
484.582 1847.111 -466.149 0.000 0.000 0.000 0.000
483.677 1849.029 -462.893 0.000 0.000 0.000 0.000
482.772 1850.946 -459.639 0.000 0.000 0.000 0.000
488.820 1864.331 -461.265 0.000 0.000 0.000 0.000
479.755 1856.162 -451.511 0.000 0.000 0.000 0.000
479.452 1859.137 -444.990 0.000 0.000 0.000 0.000
487.319 1872.137 -445.088 0.000 0.000 0.000 0.000
493.281 1885.368 -444.954 0.000 0.000 0.000 0.000
491.791 1889.600 -437.861 0.000 0.000 0.000 0.000
483.714 1883.192 -424.088 0.000 0.000 0.000 0.000
490.292 1897.323 -421.812 0.000 0.000 0.000 0.000
490.284 1900.762 -413.783 0.000 0.000 0.000 0.000
490.570 1904.720 -404.148 0.000 0.000 0.000 0.000
490.856 1908.675 -394.514 0.000 0.000 0.000 0.000
497.624 1923.031 -390.870 0.000 0.000 0.000 0.000
498.198 1927.466 -379.713 0.000 0.000 0.000 0.000
492.000 1921.041 -364.023 0.000 0.000 0.000 0.000
492.973 1926.102 -352.211 0.000 0.000 0.000 0.000
492.354 1931.905 -339.400 0.000 0.000 0.000 0.000
499.681 1947.096 -332.961 0.000 0.000 0.000 0.000
492.491 1942.589 -312.738 0.000 0.000 0.000 0.000
493.754 1948.148 -299.352 0.000 0.000 0.000 0.000
488.372 1943.385 -278.168 0.000 0.000 0.000 0.000
496.062 1959.095 -270.525 0.000 0.000 0.000 0.000
490.696 1954.406 -249.150 0.000 0.000 0.000 0.000
498.656 1970.543 -240.115 0.000 0.000 0.000 0.000
500.739 1977.046 -229.493 0.000 0.000 0.000 0.000
