0.139 -0.844 0.254 4309.906 0.000 0.000 0.000
0.155 -0.800 0.247 4309.906 0.000 0.000 0.000
0.170 -0.755 0.240 4319.770 0.000 0.000 0.000
0.155 -0.734 0.265 4329.634 0.000 0.000 0.000
0.134 -0.724 0.301 4339.498 0.000 0.000 0.000
0.123 -0.715 0.319 4359.225 0.000 0.000 0.000
0.110 -0.704 0.340 4369.089 0.000 0.000 0.000
0.101 -0.694 0.360 4369.089 0.000 0.000 0.000
0.083 -0.678 0.388 4388.816 0.000 0.000 0.000
0.071 -0.669 0.405 4398.680 0.000 0.000 0.000
0.056 -0.649 0.428 4398.680 0.000 0.000 0.000
0.040 -0.632 0.449 4418.391 0.000 0.000 0.000
0.029 -0.616 0.468 4428.255 0.000 0.000 0.000
0.016 -0.596 0.484 4447.983 0.000 0.000 0.000
0.008 -0.583 0.494 4447.983 0.000 0.000 0.000
0.000 -0.571 0.505 4457.846 0.000 0.000 0.000
-0.007 -0.558 0.514 4467.710 0.000 0.000 0.000
-0.014 -0.545 0.521 4487.438 0.000 0.000 0.000
-0.022 -0.533 0.526 4497.301 0.000 0.000 0.000
-0.031 -0.507 0.532 4507.165 0.000 0.000 0.000
-0.039 -0.495 0.538 4507.165 0.000 0.000 0.000
-0.046 -0.468 0.541 4526.892 0.000 0.000 0.000
-0.054 -0.442 0.543 4536.756 0.000 0.000 0.000
-0.059 -0.426 0.544 4536.756 0.000 0.000 0.000
-0.062 -0.412 0.544 4546.604 0.000 0.000 0.000
-0.071 -0.400 0.540 4556.467 0.000 0.000 0.000
-0.077 -0.386 0.537 4566.331 0.000 0.000 0.000
-0.081 -0.370 0.533 4576.195 0.000 0.000 0.000
-0.087 -0.357 0.530 4586.059 0.000 0.000 0.000
-0.094 -0.342 0.524 4595.922 0.000 0.000 0.000
-0.092 -0.297 0.508 4605.786 0.000 0.000 0.000
-0.091 -0.251 0.491 4615.650 0.000 0.000 0.000
-0.092 -0.222 0.469 4625.514 0.000 0.000 0.000
-0.097 -0.205 0.458 4635.377 0.000 0.000 0.000
-0.101 -0.191 0.447 4645.241 0.000 0.000 0.000
-0.104 -0.178 0.435 4655.105 0.000 0.000 0.000
-0.107 -0.163 0.419 4664.953 0.000 0.000 0.000
-0.113 -0.147 0.403 4674.816 0.000 0.000 0.000
-0.116 -0.131 0.388 4684.680 0.000 0.000 0.000
-0.122 -0.119 0.369 4694.544 0.000 0.000 0.000
-0.125 -0.105 0.352 4704.408 0.000 0.000 0.000
-0.128 -0.092 0.336 4714.271 0.000 0.000 0.000
-0.131 -0.075 0.314 4724.135 0.000 0.000 0.000
-0.137 -0.062 0.293 4733.999 0.000 0.000 0.000
-0.140 -0.048 0.271 4743.863 0.000 0.000 0.000
-0.143 -0.034 0.249 4753.726 0.000 0.000 0.000
-0.150 -0.021 0.225 4763.590 0.000 0.000 0.000
-0.151 -0.009 0.201 4773.454 0.000 0.000 0.000
-0.155 0.006 0.175 4783.318 0.000 0.000 0.000
-0.159 0.018 0.153 4793.165 0.000 0.000 0.000
-0.162 0.033 0.130 4803.029 0.000 0.000 0.000
-0.191 0.186 0.102 4881.939 0.000 0.000 0.000
-0.200 0.220 0.139 4901.666 0.000 0.000 0.000
-0.204 0.242 0.168 4931.241 0.000 0.000 0.000
-0.207 0.260 0.196 4941.105 0.000 0.000 0.000
-0.206 0.276 0.211 4950.969 0.000 0.000 0.000
-0.214 0.309 0.232 4970.696 0.000 0.000 0.000
-0.218 0.323 0.246 4980.560 0.000 0.000 0.000
-0.220 0.340 0.257 4990.424 0.000 0.000 0.000
-0.224 0.355 0.267 5000.288 0.000 0.000 0.000
-0.227 0.371 0.276 5010.151 0.000 0.000 0.000
-0.228 0.386 0.282 5020.015 0.000 0.000 0.000
-0.231 0.400 0.292 5029.879 0.000 0.000 0.000
-0.238 0.449 0.295 5049.590 0.000 0.000 0.000
-0.240 0.486 0.293 5059.454 0.000 0.000 0.000
-0.241 0.499 0.296 5069.318 0.000 0.000 0.000
-0.245 0.508 0.298 5079.181 0.000 0.000 0.000
-0.250 0.522 0.300 5089.045 0.000 0.000 0.000
-0.251 0.533 0.300 5098.909 0.000 0.000 0.000
-0.258 0.556 0.296 5118.636 0.000 0.000 0.000
-0.263 0.568 0.293 5128.500 0.000 0.000 0.000
-0.268 0.580 0.289 5138.364 0.000 0.000 0.000
-0.270 0.591 0.285 5148.228 0.000 0.000 0.000
-0.272 0.603 0.280 5158.091 0.000 0.000 0.000
-0.277 0.613 0.276 5167.939 0.000 0.000 0.000
-0.283 0.634 0.257 5187.666 0.000 0.000 0.000
-0.287 0.650 0.249 5197.530 0.000 0.000 0.000
-0.290 0.660 0.242 5207.394 0.000 0.000 0.000
-0.298 0.671 0.234 5217.257 0.000 0.000 0.000
-0.300 0.674 0.225 5227.121 0.000 0.000 0.000
-0.304 0.678 0.216 5236.985 0.000 0.000 0.000
-0.311 0.674 0.214 5246.849 0.000 0.000 0.000
0.401 0.631 0.084 6814.974 0.000 0.000 0.000
0.399 0.625 0.085 6824.837 0.000 0.000 0.000
0.401 0.623 0.088 6834.701 0.000 0.000 0.000
0.408 0.620 0.074 6854.429 0.000 0.000 0.000
0.423 0.616 0.065 6864.292 0.000 0.000 0.000
0.427 0.615 0.060 6874.156 0.000 0.000 0.000
