652 80 32156402245
638 78 32157183870
619 76 32157965495
598 75 32158747933
578 75 32159529558
557 76 32160311995
538 76 32161093620
518 79 32161875245
495 81 32162657683
474 86 32163439308
452 91 32164221745
432 97 32165003370
409 104 32165785808
388 111 32166567433
365 119 32167349058
344 128 32168131495
322 139 32168913120
301 150 32169695558
280 161 32170477183
259 174 32171259620
238 187 32172041245
218 201 32172823683
198 216 32173605308
178 230 32174386933
158 245 32175169370
143 251 32175950995
128 241 32176733433
113 233 32177515058
98 224 32178297495
83 216 32179079120
68 210 32179860745
52 203 32180643183
38 197 32181424808
23 194 32182207245
10 190 32182988870
5 121 32191590808
20 110 32192372433
38 99 32193154058
55 89 32193936495
75 82 32194718120
92 75 32195500558
111 69 32196282183
129 63 32197064620
147 59 32197846245
166 53 32198627870
185 52 32199410308
203 51 32200191933
222 50 32200974370
241 50 32201755995
258 51 32202538433
277 52 32203320058
295 56 32204101683
313 60 32204884120
331 65 32205665745
347 71 32206448183
365 77 32207229808
382 83 32208011433
399 92 32208793870
415 102 32209575495
431 112 32210357933
447 122 32211139558
462 132 32211921995
478 144 32212703620
493 156 32213485245
508 169 32214267683
521 183 32215049308
534 197 32215831745
549 211 32216613370
561 224 32217394995
573 241 32218177433
585 256 32218959058
597 272 32219741495
608 287 32220523120
617 285 32221305558
627 272 32222087183
635 261 32222868808
644 249 32223651245
649 239 32224432870
