20 88 341451328635
49 92 341452029823
76 94 341452730198
104 97 341453430573
132 102 341454131760
157 107 341454832135
182 112 341455533323
207 119 341456233698
231 125 341456934885
254 133 341457635260
277 140 341458336448
299 148 341459036823
320 156 341459737198
340 165 341460438385
360 174 341461138760
378 184 341461839948
397 194 341462540323
414 204 341463241510
431 214 341463941885
447 225 341464643073
461 228 341465343448
472 212 341466044635
483 197 341466745010
494 183 341467445385
505 169 341468146573
516 156 341468847760
527 144 341469548135
537 132 341470249323
548 121 341470949698
559 111 341471650073
569 102 341472351260
580 93 341473051635
589 85 341473752823
599 77 341474453198
609 70 341475154385
618 64 341475854760
628 59 341476555948
637 54 341477256323
646 51 341477957510
650 47 341478657885
