543 69 341406890735
543 67 341407591922
544 61 341408993485
544 55 341410394235
544 52 341411095422
545 45 341412496985
546 39 341413898547
546 35 341414598922
547 31 341415300110
548 28 341416000485
548 25 341416701672
548 22 341417402047
549 19 341418103235
550 16 341418803610
550 13 341419503985
551 11 341420205172
551 8 341420905547
553 6 341421606735
553 5 341422307110
555 4 341423008297
555 3 341423708672
555 3 341424409860
521 2 341444730485
511 5 341445430860
501 6 341446132047
491 11 341446833235
481 17 341447533610
470 23 341448233985
459 30 341448935172
448 38 341449635547
436 46 341450336735
425 55 341451037110
413 65 341451737485
401 76 341452438672
388 88 341453139047
376 101 341453840235
364 113 341454540610
350 128 341455240985
337 143 341455942172
324 159 341456643360
310 176 341457343735
297 193 341458044110
283 212 341458745297
270 231 341459445672
255 251 341460146860
241 272 341460847235
227 293 341461548422
212 317 341462248797
198 340 341462949985
184 365 341463650360
170 390 341464351547
159 405 341465051922
148 396 341465753110
137 387 341466453485
127 377 341467153860
115 370 341467855047
104 363 341468555422
92 356 341469256610
81 349 341469956985
69 344 341470658172
56 339 341471358547
44 335 341472059735
32 331 341472760110
19 329 341473461297
8 327 341474161672
