19 171 32159163347
44 170 32159944972
71 171 32160726597
95 171 32161509035
121 173 32162290660
146 175 32163073097
172 179 32163854722
196 183 32164636347
221 189 32165418785
246 195 32166200410
270 202 32166982847
294 210 32167764472
317 219 32168546910
340 228 32169328535
363 238 32170110160
386 249 32170892597
407 260 32171674222
429 273 32172456660
449 286 32173238285
469 299 32174020722
489 313 32174802347
505 316 32175584785
520 304 32176366410
536 294 32177148035
551 283 32177930472
566 274 32178712097
582 266 32179494535
596 258 32180276160
611 251 32181058597
626 246 32181840222
641 240 32182621847
649 236 32183404285
644 153 32191223785
628 140 32192005410
611 129 32192787847
594 118 32193569472
577 108 32194351910
561 98 32195133535
544 89 32195915160
527 82 32196697597
510 75 32197479222
493 69 32198261660
476 65 32199043285
459 60 32199825722
444 57 32200607347
426 56 32201388972
410 54 32202171410
395 53 32202953035
378 54 32203735472
362 55 32204517097
347 57 32205299535
332 60 32206081160
316 64 32206862785
302 68 32207645222
287 74 32208426847
273 79 32209209285
259 86 32209990910
245 92 32210772535
231 101 32211554972
218 109 32212336597
205 118 32213118222
193 127 32213900660
180 137 32214682285
169 148 32215464722
157 158 32216246347
146 170 32217028785
134 182 32217810410
124 194 32218592847
114 206 32219374472
103 218 32220156097
97 215 32220938535
92 200 32221720160
87 186 32222502597
82 173 32223284222
77 160 32224066660
72 149 32224848285
68 139 32225629910
64 127 32226412347
58 118 32227193972
54 109 32227976410
50 102 32228758035
45 95 32229540472
41 88 32230322097
37 83 32231103722
33 78 32231885347
29 74 32232667785
25 71 32233450222
21 68 32234231847
18 67 32235013472
14 66 32235795910
11 66 32236577535
10 66 32237359160
8 68 32238140785
7 70 32238923222
5 73 32239705660
