-0.739298 -0.27659 0.407527 543.475 -0.0609543 -0.0721479 0.0254791
-0.677874 -0.267487 0.410669 543.49 3.92926 0.58231 0.200987
-0.619786 -0.256177 0.410291 543.506 3.71203 0.722723 -0.0241407
-0.555023 -0.251804 0.409265 543.522 4.14284 0.279794 -0.0656639
-0.495306 -0.239284 0.403458 543.537 3.81608 0.800025 -0.37107
-0.433114 -0.230466 0.395224 543.553 3.97836 0.564071 -0.526729
-0.376475 -0.219275 0.385146 543.568 3.62318 0.715879 -0.64468
-0.314617 -0.212152 0.371242 543.584 3.9529 0.455223 -0.888505
-0.255496 -0.202713 0.35721 543.6 3.78191 0.603812 -0.897599
-0.194946 -0.196139 0.340346 543.615 3.8693 0.420057 -1.07763
-0.137067 -0.187407 0.32045 543.631 3.70249 0.558575 -1.27274
-0.0790123 -0.177719 0.296068 543.647 3.70987 0.619124 -1.55809
-0.0220452 -0.167215 0.271535 543.662 3.64415 0.671935 -1.56934
0.0352693 -0.159252 0.245491 543.678 3.66636 0.509368 -1.66606
0.092951 -0.148789 0.214856 543.694 3.68603 0.668626 -1.95762
0.148485 -0.139603 0.183761 543.709 3.55246 0.587619 -1.98914
0.204632 -0.132043 0.14802 543.725 3.58794 0.483104 -2.28396
0.258754 -0.122994 0.11014 543.74 3.46219 0.578845 -2.42319
0.313325 -0.116566 0.0734834 543.756 3.48721 0.410787 -2.34244
0.368624 -0.110149 0.0333816 543.772 3.53744 0.410501 -2.56528
0.409927 -0.100412 0.0232955 543.787 2.63941 0.622217 -0.644531
0.4455 -0.0944495 0.0614217 543.803 2.27554 0.381404 2.4389
0.482348 -0.0881478 0.0929805 543.819 2.35716 0.403114 2.0188
0.517079 -0.0818428 0.126963 543.834 2.21943 0.402906 2.17155
0.551821 -0.0777989 0.155956 543.85 2.2224 0.258687 1.85469
0.587814 -0.0712985 0.180317 543.866 2.30007 0.41539 1.55676
0.621986 -0.0666377 0.205638 543.881 2.18596 0.29815 1.61974
0.654909 -0.0627105 0.227727 543.897 2.10386 0.250962 1.41152
0.689635 -0.0559963 0.242556 543.912 2.22137 0.429505 0.948621
0.721252 -0.0503169 0.25994 543.928 2.02252 0.363305 1.11206
0.675487 0.0425107 0.491907 544.116 -0.243854 0.494629 1.23603
0.613183 0.00441285 0.529319 544.131 -3.98142 -2.43457 2.39071
0.570376 0.00641751 0.553613 544.147 -2.73837 0.128236 1.55407
0.524959 0.0128442 0.57273 544.163 -2.90227 0.410685 1.22161
0.484234 0.0204471 0.592089 544.178 -2.60515 0.486352 1.23839
0.440501 0.0278039 0.608671 544.194 -2.79757 0.47061 1.06072
0.398338 0.0293015 0.6225 544.21 -2.69429 0.0957021 0.883761
0.35635 0.0366539 0.634081 544.225 -2.68598 0.470327 0.740799
0.313332 0.0349893 0.646443 544.241 -2.74895 -0.106372 0.790006
0.270814 0.0420127 0.65049 544.257 -2.71989 0.449281 0.25885
0.229184 0.0518855 0.655998 544.272 -2.66026 0.630898 0.351986
0.189057 0.0570132 0.65893 544.288 -2.5669 0.328018 0.187528
0.145325 0.0569725 0.657586 544.303 -2.79749 -0.00260635 -0.0859795
0.106052 0.0631723 0.656852 544.319 -2.50966 0.396186 -0.0468907
0.065687 0.0684863 0.654793 544.335 -2.58212 0.339936 -0.131703
0.023841 0.0736656 0.646297 544.35 -2.67408 0.330969 -0.542881
-0.0170411 0.0796649 0.637881 544.366 -2.6152 0.383772 -0.538409
-0.056918 0.0865397 0.62699 544.382 -2.54825 0.43932 -0.695935
-0.0948192 0.0912647 0.613444 544.397 -2.42451 0.302252 -0.866559
-0.136679 0.0938436 0.598119 544.413 -2.67773 0.164974 -0.980335
-0.175146 0.0980029 0.582979 544.429 -2.45818 0.265789 -0.967466
-0.215518 0.10309 0.561068 544.444 -2.58253 0.325439 -1.40162
-0.253898 0.11322 0.53942 544.46 -2.45261 0.647345 -1.3834
-0.292814 0.118188 0.514435 544.476 -2.48942 0.317799 -1.59828
-0.332198 0.125471 0.49067 544.491 -2.51937 0.465837 -1.52019
-0.371078 0.124535 0.461876 544.507 -2.48456 -0.0598182 -1.84003
-0.410456 0.132941 0.432008 544.522 -2.519 0.537771 -1.91062
-0.44929 0.137892 0.400078 544.538 -2.48416 0.316689 -2.04256
-0.487397 0.146338 0.366604 544.554 -2.43517 0.539719 -2.13909
-0.525344 0.150939 0.329439 544.569 -2.42743 0.294326 -2.37739
-0.561108 0.156253 0.290388 544.585 -2.2854 0.339564 -2.49549
-0.601398 0.16452 0.252113 544.601 -2.57732 0.528832 -2.44843
-0.6372 0.164803 0.211277 544.616 -2.28784 0.0181381 -2.60955
-0.675864 0.171617 0.163995 544.632 -2.47331 0.435878 -3.02455
-0.711832 0.177319 0.119039 544.648 -2.29846 0.364354 -2.87287
-0.748678 0.184957 0.0718009 544.663 -2.35702 0.488613 -3.02177
-0.786331 0.188329 0.0248107 544.679 -2.40864 0.215709 -3.00593
-0.806943 0.192147 0.031493 544.694 -1.31715 0.243972 0.427019
-0.82216 0.200112 0.0765018 544.71 -0.973435 0.50949 2.87918
-0.835154 0.207678 0.116319 544.726 -0.83035 0.483511 2.54446
-0.849297 0.212838 0.155204 544.741 -0.904711 0.330104 2.4874
-0.858519 0.216746 0.190939 544.757 -0.589333 0.249727 2.2836
