1.10083 0.00236284 0.190307 544.125 1.90183 0.291775 -1.3045 543554
1.10048 0.0151965 0.187599 544.127 1.89372 0.30923 -1.32642 543569
1.10046 0.0190975 0.192342 544.123 1.91111 0.318466 -1.29198 543585
1.10086 0.0184298 0.192923 544.122 1.91609 0.318203 -1.27667 543601
1.10072 0.0110625 0.199875 544.121 1.92666 0.306027 -1.25855 543616
1.10056 0.0121492 0.20503 544.123 1.91946 0.30669 -1.27756 543632
1.10026 0.000387516 0.201135 544.125 1.91033 0.28101 -1.2957 543647
1.10065 -0.00952071 0.200946 544.122 1.9234 0.260617 -1.2791 543663
1.10006 -0.00177116 0.0693025 544.141 1.77095 0.258967 -1.7087 543678
1.10046 0.0126876 0.279192 544.106 2.0488 0.333427 -0.778705 543741
1.10059 0.0109 0.273567 544.105 2.05632 0.328983 -0.792922 543757
1.1001 0.00682445 0.279081 544.106 2.0464 0.313176 -0.781307 543773
1.10025 0.0015216 0.274748 544.108 2.03572 0.290951 -0.801991 543788
1.10014 0.00600642 0.267714 544.108 2.03026 0.309188 -0.83815 543805
1.10037 0.0078623 0.26542 544.112 1.99353 0.313492 -0.872419 543820
