-77.107 -584.721 -284.142 3229.094 0.000 0.000 0.000
-65.619 -587.461 -282.991 3237.431 0.000 0.000 0.000
-56.271 -595.514 -280.563 3245.767 0.000 0.000 0.000
-93.853 -721.748 -245.208 3254.103 0.000 0.000 0.000
-86.146 -724.418 -241.535 3262.439 0.000 0.000 0.000
-74.979 -729.189 -237.858 3270.776 0.000 0.000 0.000
-40.673 -669.274 -249.916 3279.112 0.000 0.000 0.000
-32.304 -670.403 -242.681 3287.448 0.000 0.000 0.000
-48.396 -740.138 -220.547 3295.784 0.000 0.000 0.000
-63.406 -808.249 -196.592 3304.121 0.000 0.000 0.000
-27.921 -744.568 -205.823 3312.457 0.000 0.000 0.000
-19.412 -745.721 -198.466 3320.793 0.000 0.000 0.000
-10.902 -746.870 -191.109 3329.129 0.000 0.000 0.000
-25.365 -815.558 -164.498 3337.466 0.000 0.000 0.000
-16.719 -816.738 -157.017 3345.802 0.000 0.000 0.000
-7.160 -815.735 -148.030 3354.138 0.000 0.000 0.000
125.206 -999.254 -208.152 3562.544 0.000 0.000 0.000
54.283 -1263.847 -169.269 3570.881 0.000 0.000 0.000
58.539 -1262.876 -178.847 3579.217 0.000 0.000 0.000
61.318 -1279.956 -189.269 3587.553 0.000 0.000 0.000
92.200 -1201.832 -216.499 3595.889 0.000 0.000 0.000
71.402 -1287.391 -206.811 3604.226 0.000 0.000 0.000
77.253 -1295.788 -214.806 3612.562 0.000 0.000 0.000
4.369 -1564.286 -170.736 3620.898 0.000 0.000 0.000
9.714 -1576.418 -176.150 3629.234 0.000 0.000 0.000
17.604 -1580.358 -183.367 3637.571 0.000 0.000 0.000
-5.243 -1677.658 -168.004 3645.907 0.000 0.000 0.000
-2.108 -1682.266 -172.302 3654.243 0.000 0.000 0.000
5.105 -1689.535 -176.579 3662.579 0.000 0.000 0.000
8.243 -1694.156 -180.881 3670.916 0.000 0.000 0.000
12.323 -1696.816 -180.858 3679.252 0.000 0.000 0.000
18.719 -1707.443 -182.059 3687.588 0.000 0.000 0.000
23.626 -1706.775 -185.117 3695.924 0.000 0.000 0.000
1.406 -1806.430 -165.077 3704.261 0.000 0.000 0.000
35.879 -1714.781 -185.048 3712.597 0.000 0.000 0.000
13.892 -1814.604 -165.004 3720.933 0.000 0.000 0.000
19.019 -1815.304 -160.572 3729.269 0.000 0.000 0.000
23.183 -1818.031 -160.546 3737.606 0.000 0.000 0.000
28.311 -1818.728 -156.114 3745.942 0.000 0.000 0.000
6.746 -1920.393 -130.636 3754.278 0.000 0.000 0.000
11.977 -1921.092 -126.120 3762.614 0.000 0.000 0.000
47.866 -1823.540 -142.791 3770.951 0.000 0.000 0.000
26.689 -1925.269 -117.060 3779.287 0.000 0.000 0.000
58.128 -1824.920 -133.927 3787.623 0.000 0.000 0.000
38.138 -1924.561 -103.546 3795.959 0.000 0.000 0.000
44.353 -1923.156 -94.550 3804.296 0.000 0.000 0.000
21.358 -2016.054 -67.072 3812.632 0.000 0.000 0.000
24.724 -2024.454 -58.255 3820.968 0.000 0.000 0.000
31.067 -2022.987 -49.096 3829.304 0.000 0.000 0.000
40.310 -2011.824 -39.607 3837.641 0.000 0.000 0.000
46.627 -2010.405 -30.458 3845.977 0.000 0.000 0.000
51.096 -2016.409 -17.086 3854.313 0.000 0.000 0.000
60.254 -2005.420 -7.624 3862.649 0.000 0.000 0.000
64.777 -2011.281 5.744 3870.986 0.000 0.000 0.000
69.551 -1997.582 15.142 3879.322 0.000 0.000 0.000
48.294 -2109.425 58.557 3887.658 0.000 0.000 0.000
55.127 -2108.858 75.844 3895.994 0.000 0.000 0.000
