2.769 0.536 0.192 1641.957 0.000 0.000 0.000
2.768 0.541 0.192 1650.293 0.000 0.000 0.000
2.768 0.545 0.192 1658.629 0.000 0.000 0.000
2.768 0.553 0.192 1666.966 0.000 0.000 0.000
2.768 0.557 0.195 1675.302 0.000 0.000 0.000
2.767 0.565 0.195 1683.638 0.000 0.000 0.000
2.766 0.570 0.195 1691.974 0.000 0.000 0.000
2.773 0.576 0.194 1700.311 0.000 0.000 0.000
2.766 0.582 0.198 1708.647 0.000 0.000 0.000
2.766 0.586 0.200 1716.983 0.000 0.000 0.000
2.766 0.594 0.202 1725.319 0.000 0.000 0.000
2.766 0.602 0.205 1733.656 0.000 0.000 0.000
2.766 0.606 0.207 1741.992 0.000 0.000 0.000
2.767 0.615 0.211 1750.328 0.000 0.000 0.000
2.767 0.623 0.213 1758.664 0.000 0.000 0.000
2.760 0.628 0.218 1767.001 0.000 0.000 0.000
2.767 0.635 0.220 1775.337 0.000 0.000 0.000
2.762 0.640 0.226 1783.673 0.000 0.000 0.000
2.762 0.648 0.230 1792.009 0.000 0.000 0.000
2.762 0.656 0.234 1800.346 0.000 0.000 0.000
2.763 0.660 0.238 1808.682 0.000 0.000 0.000
2.764 0.668 0.245 1817.018 0.000 0.000 0.000
2.765 0.676 0.249 1825.354 0.000 0.000 0.000
2.772 0.683 0.251 1833.691 0.000 0.000 0.000
2.773 0.691 0.257 1842.027 0.000 0.000 0.000
2.767 0.696 0.265 1850.363 0.000 0.000 0.000
2.775 0.703 0.269 1858.699 0.000 0.000 0.000
2.775 0.711 0.273 1867.036 0.000 0.000 0.000
2.777 0.718 0.281 1875.372 0.000 0.000 0.000
2.778 0.722 0.287 1883.708 0.000 0.000 0.000
2.778 0.730 0.291 1892.044 0.000 0.000 0.000
2.787 0.737 0.297 1900.381 0.000 0.000 0.000
2.782 0.742 0.307 1908.717 0.000 0.000 0.000
2.789 0.748 0.309 1917.053 0.000 0.000 0.000
2.792 0.752 0.317 1925.389 0.000 0.000 0.000
2.793 0.756 0.323 1933.726 0.000 0.000 0.000
2.794 0.764 0.331 1942.062 0.000 0.000 0.000
2.797 0.767 0.338 1950.398 0.000 0.000 0.000
2.797 0.771 0.342 1958.734 0.000 0.000 0.000
2.807 0.773 0.348 1967.071 0.000 0.000 0.000
2.809 0.777 0.355 1975.407 0.000 0.000 0.000
2.811 0.781 0.363 1983.743 0.000 0.000 0.000
2.812 0.785 0.369 1992.079 0.000 0.000 0.000
2.814 0.788 0.374 2000.416 0.000 0.000 0.000
2.817 0.792 0.384 2008.752 0.000 0.000 0.000
2.826 0.794 0.388 2017.088 0.000 0.000 0.000
2.828 0.794 0.393 2025.424 0.000 0.000 0.000
2.830 0.798 0.401 2033.761 0.000 0.000 0.000
2.833 0.797 0.408 2042.097 0.000 0.000 0.000
2.836 0.797 0.411 2050.433 0.000 0.000 0.000
2.830 0.798 0.419 2058.769 0.000 0.000 0.000
2.839 0.801 0.421 2067.106 0.000 0.000 0.000
2.835 0.797 0.428 2075.442 0.000 0.000 0.000
2.774 0.378 0.239 2775.687 0.000 0.000 0.000
2.781 0.380 0.237 2784.023 0.000 0.000 0.000
2.775 0.382 0.242 2792.359 0.000 0.000 0.000
2.774 0.392 0.255 2825.704 0.000 0.000 0.000
2.775 0.396 0.261 2834.041 0.000 0.000 0.000
2.771 0.402 0.268 2842.377 0.000 0.000 0.000
2.772 0.406 0.272 2850.713 0.000 0.000 0.000
2.774 0.410 0.278 2859.049 0.000 0.000 0.000
2.771 0.415 0.287 2867.386 0.000 0.000 0.000
2.767 0.421 0.295 2875.722 0.000 0.000 0.000
2.769 0.425 0.300 2884.058 0.000 0.000 0.000
