1.640 0.409 0.264 45196.474 0.000 0.000 0.000
1.665 0.412 0.295 45204.811 0.000 0.000 0.000
1.680 0.409 0.317 45213.147 0.000 0.000 0.000
1.697 0.409 0.334 45221.483 0.000 0.000 0.000
1.710 0.410 0.351 45229.819 0.000 0.000 0.000
1.730 0.411 0.364 45238.156 0.000 0.000 0.000
1.743 0.412 0.383 45246.492 0.000 0.000 0.000
1.759 0.412 0.397 45254.828 0.000 0.000 0.000
1.774 0.411 0.409 45263.164 0.000 0.000 0.000
1.786 0.413 0.425 45271.501 0.000 0.000 0.000
1.801 0.412 0.437 45279.837 0.000 0.000 0.000
1.816 0.412 0.448 45288.173 0.000 0.000 0.000
1.835 0.414 0.457 45296.509 0.000 0.000 0.000
1.850 0.413 0.469 45304.846 0.000 0.000 0.000
1.869 0.415 0.478 45313.182 0.000 0.000 0.000
1.879 0.416 0.488 45321.518 0.000 0.000 0.000
1.897 0.414 0.496 45329.854 0.000 0.000 0.000
1.910 0.414 0.502 45338.191 0.000 0.000 0.000
1.924 0.414 0.510 45346.527 0.000 0.000 0.000
1.941 0.416 0.514 45354.863 0.000 0.000 0.000
1.955 0.416 0.520 45363.199 0.000 0.000 0.000
1.971 0.418 0.522 45371.536 0.000 0.000 0.000
1.984 0.418 0.529 45379.872 0.000 0.000 0.000
1.996 0.418 0.532 45388.208 0.000 0.000 0.000
2.013 0.416 0.534 45396.544 0.000 0.000 0.000
2.029 0.418 0.535 45404.881 0.000 0.000 0.000
2.041 0.418 0.537 45413.217 0.000 0.000 0.000
2.053 0.418 0.539 45421.553 0.000 0.000 0.000
2.069 0.421 0.539 45429.889 0.000 0.000 0.000
2.085 0.419 0.536 45438.226 0.000 0.000 0.000
2.111 0.418 0.534 45446.562 0.000 0.000 0.000
2.171 0.402 0.524 45454.898 0.000 0.000 0.000
2.265 0.379 0.510 45463.234 0.000 0.000 0.000
2.282 0.378 0.507 45471.571 0.000 0.000 0.000
2.287 0.380 0.506 45479.907 0.000 0.000 0.000
2.390 0.354 0.486 45488.243 0.000 0.000 0.000
2.319 0.380 0.495 45496.579 0.000 0.000 0.000
2.328 0.385 0.488 45504.916 0.000 0.000 0.000
2.428 0.357 0.470 45513.252 0.000 0.000 0.000
2.366 0.384 0.474 45521.588 0.000 0.000 0.000
2.455 0.359 0.456 45529.924 0.000 0.000 0.000
2.385 0.384 0.461 45538.261 0.000 0.000 0.000
2.400 0.387 0.451 45546.597 0.000 0.000 0.000
2.409 0.387 0.442 45554.933 0.000 0.000 0.000
2.425 0.389 0.432 45563.269 0.000 0.000 0.000
2.440 0.388 0.422 45571.606 0.000 0.000 0.000
2.330 0.427 0.415 45579.942 0.000 0.000 0.000
2.470 0.389 0.401 45588.278 0.000 0.000 0.000
2.465 0.394 0.390 45596.614 0.000 0.000 0.000
2.479 0.396 0.376 45604.951 0.000 0.000 0.000
2.501 0.393 0.363 45613.287 0.000 0.000 0.000
2.515 0.395 0.349 45621.623 0.000 0.000 0.000
2.523 0.396 0.335 45629.959 0.000 0.000 0.000
2.545 0.397 0.322 45638.296 0.000 0.000 0.000
2.614 0.379 0.308 45646.632 0.000 0.000 0.000
2.546 0.402 0.292 45654.968 0.000 0.000 0.000
2.567 0.403 0.278 45663.304 0.000 0.000 0.000
2.589 0.399 0.266 45671.641 0.000 0.000 0.000
2.589 0.402 0.246 45679.977 0.000 0.000 0.000
2.609 0.403 0.229 45688.313 0.000 0.000 0.000
2.608 0.406 0.208 45696.649 0.000 0.000 0.000
2.621 0.405 0.189 45704.986 0.000 0.000 0.000
2.643 0.405 0.175 45713.322 0.000 0.000 0.000
2.645 0.408 0.162 45721.658 0.000 0.000 0.000
2.696 0.389 0.194 45729.994 0.000 0.000 0.000
2.653 0.405 0.195 45738.331 0.000 0.000 0.000
2.648 0.404 0.217 45746.667 0.000 0.000 0.000
2.721 0.383 0.244 45755.003 0.000 0.000 0.000
2.675 0.389 0.364 45821.693 0.000 0.000 0.000
2.688 0.386 0.378 45830.029 0.000 0.000 0.000
2.672 0.388 0.391 45838.366 0.000 0.000 0.000
2.670 0.389 0.405 45846.702 0.000 0.000 0.000
2.669 0.386 0.419 45855.038 0.000 0.000 0.000
2.722 0.368 0.423 45863.374 0.000 0.000 0.000
2.657 0.388 0.442 45871.711 0.000 0.000 0.000
2.674 0.384 0.449 45880.047 0.000 0.000 0.000
2.658 0.385 0.461 45888.383 0.000 0.000 0.000
2.654 0.387 0.470 45896.719 0.000 0.000 0.000
2.672 0.379 0.477 45905.056 0.000 0.000 0.000
2.673 0.379 0.481 45913.392 0.000 0.000 0.000
2.668 0.380 0.486 45921.728 0.000 0.000 0.000
2.769 0.503 0.319 46321.868 0.000 0.000 0.000
2.786 0.506 0.306 46330.204 0.000 0.000 0.000
2.886 0.491 0.286 46338.541 0.000 0.000 0.000
2.805 0.520 0.282 46346.877 0.000 0.000 0.000
2.789 0.535 0.266 46355.213 0.000 0.000 0.000
2.781 0.544 0.250 46363.549 0.000 0.000 0.000
2.813 0.548 0.235 46371.886 0.000 0.000 0.000
2.822 0.553 0.221 46380.222 0.000 0.000 0.000
2.791 0.568 0.206 46388.558 0.000 0.000 0.000
2.831 0.565 0.191 46396.894 0.000 0.000 0.000
2.822 0.579 0.172 46405.231 0.000 0.000 0.000
2.837 0.582 0.154 46413.567 0.000 0.000 0.000
2.845 0.587 0.139 46421.903 0.000 0.000 0.000
2.870 0.600 0.112 46430.239 0.000 0.000 0.000
2.876 0.603 0.110 46438.576 0.000 0.000 0.000
2.980 0.581 0.112 46446.912 0.000 0.000 0.000
2.879 0.615 0.118 46455.248 0.000 0.000 0.000
2.873 0.621 0.122 46463.584 0.000 0.000 0.000
2.899 0.619 0.129 46471.921 0.000 0.000 0.000
2.907 0.626 0.130 46480.257 0.000 0.000 0.000
2.914 0.629 0.128 46488.593 0.000 0.000 0.000
2.900 0.637 0.133 46496.929 0.000 0.000 0.000
2.908 0.639 0.135 46505.266 0.000 0.000 0.000
2.926 0.639 0.140 46513.602 0.000 0.000 0.000
2.926 0.644 0.140 46521.938 0.000 0.000 0.000
2.934 0.646 0.142 46530.274 0.000 0.000 0.000
2.932 0.655 0.138 46538.611 0.000 0.000 0.000
2.924 0.661 0.143 46546.947 0.000 0.000 0.000
2.932 0.663 0.143 46555.283 0.000 0.000 0.000
3.091 0.635 0.124 46563.619 0.000 0.000 0.000
2.960 0.669 0.136 46571.956 0.000 0.000 0.000
2.981 0.673 0.129 46580.292 0.000 0.000 0.000
2.980 0.677 0.128 46588.628 0.000 0.000 0.000
2.959 0.690 0.120 46596.964 0.000 0.000 0.000
2.958 0.690 0.118 46605.301 0.000 0.000 0.000
3.086 0.670 0.102 46613.637 0.000 0.000 0.000
2.985 0.696 0.107 46621.973 0.000 0.000 0.000
2.982 0.701 0.103 46630.309 0.000 0.000 0.000
3.103 0.678 0.088 46638.646 0.000 0.000 0.000
3.000 0.709 0.089 46646.982 0.000 0.000 0.000
3.004 0.712 0.081 46655.318 0.000 0.000 0.000
3.025 0.716 0.072 46663.654 0.000 0.000 0.000
3.045 0.715 0.063 46671.991 0.000 0.000 0.000
3.043 0.724 0.062 46680.327 0.000 0.000 0.000
3.026 0.736 0.066 46688.663 0.000 0.000 0.000
3.056 0.742 0.060 46696.999 0.000 0.000 0.000
3.056 0.751 0.063 46705.336 0.000 0.000 0.000
3.020 0.767 0.064 46713.672 0.000 0.000 0.000
2.733 0.825 0.092 46722.008 0.000 0.000 0.000
2.731 0.833 0.093 46730.344 0.000 0.000 0.000
2.735 0.844 0.091 46738.681 0.000 0.000 0.000
2.733 0.852 0.092 46747.017 0.000 0.000 0.000
2.730 0.860 0.092 46755.353 0.000 0.000 0.000
2.735 0.867 0.090 46763.689 0.000 0.000 0.000
2.739 0.878 0.087 46772.026 0.000 0.000 0.000
2.742 0.885 0.084 46780.362 0.000 0.000 0.000
2.745 0.896 0.079 46788.698 0.000 0.000 0.000
2.741 0.904 0.076 46797.034 0.000 0.000 0.000
2.740 0.912 0.081 46805.371 0.000 0.000 0.000
2.745 0.919 0.079 46813.707 0.000 0.000 0.000
2.736 0.943 0.077 46847.052 0.000 0.000 0.000
2.740 0.950 0.076 46855.388 0.000 0.000 0.000
2.737 0.958 0.077 46863.724 0.000 0.000 0.000
2.741 0.965 0.073 46872.061 0.000 0.000 0.000
2.732 0.970 0.075 46880.397 0.000 0.000 0.000
2.723 0.975 0.078 46888.733 0.000 0.000 0.000
2.720 0.979 0.077 46897.069 0.000 0.000 0.000
2.711 0.984 0.078 46905.406 0.000 0.000 0.000
