2.216 0.593 0.345 8866.910 0.000 0.000 0.000
2.255 0.588 0.362 8875.246 0.000 0.000 0.000
2.269 0.592 0.370 8883.583 0.000 0.000 0.000
2.285 0.596 0.380 8891.919 0.000 0.000 0.000
2.295 0.598 0.390 8900.255 0.000 0.000 0.000
2.311 0.598 0.400 8908.591 0.000 0.000 0.000
2.338 0.599 0.404 8916.928 0.000 0.000 0.000
2.387 0.589 0.379 8925.264 0.000 0.000 0.000
2.407 0.592 0.382 8933.600 0.000 0.000 0.000
2.410 0.595 0.393 8941.936 0.000 0.000 0.000
2.429 0.598 0.395 8950.273 0.000 0.000 0.000
2.411 0.609 0.435 8958.609 0.000 0.000 0.000
2.427 0.613 0.442 8966.945 0.000 0.000 0.000
2.481 0.601 0.400 8975.281 0.000 0.000 0.000
2.473 0.624 0.392 8983.618 0.000 0.000 0.000
2.497 0.609 0.409 8991.954 0.000 0.000 0.000
2.492 0.620 0.445 9000.290 0.000 0.000 0.000
2.525 0.614 0.412 9008.626 0.000 0.000 0.000
2.525 0.620 0.445 9016.963 0.000 0.000 0.000
2.556 0.618 0.411 9025.299 0.000 0.000 0.000
2.574 0.621 0.408 9033.635 0.000 0.000 0.000
2.588 0.621 0.407 9041.971 0.000 0.000 0.000
2.577 0.631 0.444 9050.308 0.000 0.000 0.000
2.596 0.634 0.441 9058.644 0.000 0.000 0.000
2.609 0.634 0.439 9066.980 0.000 0.000 0.000
2.649 0.630 0.394 9075.316 0.000 0.000 0.000
2.688 0.627 0.420 9083.653 0.000 0.000 0.000
2.651 0.639 0.425 9091.989 0.000 0.000 0.000
2.670 0.643 0.420 9100.325 0.000 0.000 0.000
2.676 0.645 0.416 9108.661 0.000 0.000 0.000
2.700 0.647 0.406 9116.998 0.000 0.000 0.000
2.746 0.638 0.361 9125.334 0.000 0.000 0.000
2.838 0.626 0.345 9133.670 0.000 0.000 0.000
2.877 0.622 0.363 9142.006 0.000 0.000 0.000
2.767 0.654 0.372 9150.343 0.000 0.000 0.000
2.843 0.639 0.327 9158.679 0.000 0.000 0.000
2.791 0.654 0.326 9167.015 0.000 0.000 0.000
2.808 0.660 0.348 9175.351 0.000 0.000 0.000
2.928 0.636 0.296 9183.688 0.000 0.000 0.000
2.831 0.660 0.296 9192.024 0.000 0.000 0.000
3.001 0.629 0.293 9200.360 0.000 0.000 0.000
2.997 0.638 0.286 9208.696 0.000 0.000 0.000
2.993 0.641 0.249 9217.033 0.000 0.000 0.000
3.035 0.641 0.258 9225.369 0.000 0.000 0.000
3.048 0.642 0.248 9233.705 0.000 0.000 0.000
3.013 0.652 0.215 9242.041 0.000 0.000 0.000
3.062 0.646 0.222 9250.378 0.000 0.000 0.000
3.055 0.655 0.210 9258.714 0.000 0.000 0.000
2.955 0.680 0.204 9267.050 0.000 0.000 0.000
3.070 0.659 0.165 9275.386 0.000 0.000 0.000
3.054 0.666 0.151 9283.723 0.000 0.000 0.000
3.116 0.656 0.151 9292.059 0.000 0.000 0.000
2.990 0.690 0.117 9300.395 0.000 0.000 0.000
3.100 0.671 0.119 9308.731 0.000 0.000 0.000
3.023 0.691 0.107 9317.068 0.000 0.000 0.000
3.163 0.664 0.085 9325.404 0.000 0.000 0.000
3.041 0.694 0.068 9333.740 0.000 0.000 0.000
3.131 0.679 0.046 9342.076 0.000 0.000 0.000
3.164 0.678 0.060 9350.413 0.000 0.000 0.000
3.236 0.667 0.085 9358.749 0.000 0.000 0.000
3.225 0.675 0.100 9367.085 0.000 0.000 0.000
3.120 0.702 0.115 9375.421 0.000 0.000 0.000
3.219 0.688 0.108 9383.758 0.000 0.000 0.000
3.317 0.673 0.112 9392.094 0.000 0.000 0.000
3.291 0.683 0.145 9400.430 0.000 0.000 0.000
3.315 0.683 0.158 9408.766 0.000 0.000 0.000
3.295 0.692 0.143 9417.103 0.000 0.000 0.000
3.293 0.697 0.148 9425.439 0.000 0.000 0.000
3.315 0.698 0.158 9433.775 0.000 0.000 0.000
3.444 0.678 0.151 9442.111 0.000 0.000 0.000
3.336 0.703 0.174 9450.448 0.000 0.000 0.000
3.407 0.695 0.207 9458.784 0.000 0.000 0.000
3.408 0.700 0.215 9467.120 0.000 0.000 0.000
3.343 0.711 0.206 9475.456 0.000 0.000 0.000
3.305 0.728 0.245 9483.793 0.000 0.000 0.000
3.277 0.735 0.221 9492.129 0.000 0.000 0.000
3.334 0.732 0.255 9500.465 0.000 0.000 0.000
3.482 0.704 0.210 9508.801 0.000 0.000 0.000
3.437 0.721 0.216 9517.138 0.000 0.000 0.000
3.500 0.715 0.240 9525.474 0.000 0.000 0.000
3.435 0.730 0.221 9533.810 0.000 0.000 0.000
3.529 0.719 0.240 9542.146 0.000 0.000 0.000
3.757 0.764 0.130 9975.631 0.000 0.000 0.000
3.672 0.758 0.094 10084.003 0.000 0.000 0.000
3.579 0.769 0.068 10092.339 0.000 0.000 0.000
3.567 0.771 0.063 10100.675 0.000 0.000 0.000
3.582 0.750 0.006 10167.365 0.000 0.000 0.000
3.510 0.763 -0.020 10175.701 0.000 0.000 0.000
3.466 0.770 -0.022 10184.038 0.000 0.000 0.000
3.511 0.757 -0.042 10192.374 0.000 0.000 0.000
3.558 0.746 -0.037 10200.710 0.000 0.000 0.000
3.550 0.746 -0.051 10209.046 0.000 0.000 0.000
