2.049 0.381 0.400 55199.788 0.000 0.000 0.000
2.101 0.374 0.424 55208.124 0.000 0.000 0.000
2.162 0.359 0.432 55216.460 0.000 0.000 0.000
2.186 0.359 0.434 55224.796 0.000 0.000 0.000
2.191 0.362 0.445 55233.133 0.000 0.000 0.000
2.219 0.360 0.433 55241.469 0.000 0.000 0.000
2.238 0.358 0.436 55249.805 0.000 0.000 0.000
2.279 0.355 0.458 55258.141 0.000 0.000 0.000
2.286 0.360 0.460 55266.478 0.000 0.000 0.000
2.306 0.359 0.463 55274.814 0.000 0.000 0.000
2.302 0.364 0.470 55283.150 0.000 0.000 0.000
2.210 0.395 0.457 55291.486 0.000 0.000 0.000
2.328 0.372 0.473 55299.823 0.000 0.000 0.000
2.322 0.380 0.457 55308.159 0.000 0.000 0.000
2.347 0.380 0.455 55316.495 0.000 0.000 0.000
2.342 0.382 0.461 55324.831 0.000 0.000 0.000
2.276 0.405 0.463 55333.168 0.000 0.000 0.000
2.416 0.371 0.453 55341.504 0.000 0.000 0.000
2.415 0.381 0.474 55349.840 0.000 0.000 0.000
2.433 0.383 0.473 55358.176 0.000 0.000 0.000
2.451 0.381 0.468 55366.513 0.000 0.000 0.000
2.452 0.385 0.470 55374.849 0.000 0.000 0.000
2.539 0.367 0.455 55383.185 0.000 0.000 0.000
2.494 0.384 0.461 55391.521 0.000 0.000 0.000
2.463 0.399 0.437 55399.858 0.000 0.000 0.000
2.517 0.393 0.455 55408.194 0.000 0.000 0.000
2.534 0.391 0.446 55416.530 0.000 0.000 0.000
2.491 0.405 0.425 55424.866 0.000 0.000 0.000
2.508 0.408 0.416 55433.203 0.000 0.000 0.000
2.480 0.421 0.436 55441.539 0.000 0.000 0.000
2.456 0.432 0.403 55449.875 0.000 0.000 0.000
2.604 0.401 0.417 55458.211 0.000 0.000 0.000
2.523 0.427 0.410 55466.548 0.000 0.000 0.000
2.564 0.417 0.384 55474.884 0.000 0.000 0.000
2.628 0.408 0.388 55483.220 0.000 0.000 0.000
2.587 0.422 0.369 55491.556 0.000 0.000 0.000
2.526 0.445 0.355 55499.893 0.000 0.000 0.000
2.569 0.446 0.320 55533.238 0.000 0.000 0.000
2.688 0.419 0.327 55541.574 0.000 0.000 0.000
2.726 0.415 0.313 55549.910 0.000 0.000 0.000
2.744 0.427 0.269 55574.919 0.000 0.000 0.000
2.752 0.432 0.252 55583.255 0.000 0.000 0.000
2.721 0.448 0.233 55591.591 0.000 0.000 0.000
2.739 0.446 0.223 55599.928 0.000 0.000 0.000
2.690 0.468 0.162 55633.273 0.000 0.000 0.000
2.771 0.454 0.157 55633.273 0.000 0.000 0.000
