1.282 0.340 0.192 371067.353 0.000 0.000 0.000
1.297 0.341 0.198 371075.689 0.000 0.000 0.000
1.310 0.344 0.207 371084.025 0.000 0.000 0.000
1.325 0.345 0.213 371092.361 0.000 0.000 0.000
1.336 0.348 0.221 371100.698 0.000 0.000 0.000
1.352 0.350 0.227 371109.034 0.000 0.000 0.000
1.367 0.351 0.232 371117.370 0.000 0.000 0.000
1.375 0.353 0.239 371125.706 0.000 0.000 0.000
1.389 0.354 0.244 371134.042 0.000 0.000 0.000
1.403 0.356 0.246 371142.379 0.000 0.000 0.000
1.418 0.357 0.250 371150.715 0.000 0.000 0.000
1.431 0.359 0.251 371159.051 0.000 0.000 0.000
1.444 0.361 0.252 371167.388 0.000 0.000 0.000
1.459 0.362 0.254 371175.724 0.000 0.000 0.000
1.471 0.364 0.252 371184.060 0.000 0.000 0.000
1.485 0.366 0.252 371192.396 0.000 0.000 0.000
1.497 0.368 0.250 371200.733 0.000 0.000 0.000
1.510 0.370 0.248 371209.069 0.000 0.000 0.000
1.523 0.371 0.248 371217.405 0.000 0.000 0.000
1.532 0.372 0.247 371225.741 0.000 0.000 0.000
1.547 0.372 0.241 371234.078 0.000 0.000 0.000
1.559 0.374 0.236 371242.414 0.000 0.000 0.000
1.571 0.376 0.231 371250.750 0.000 0.000 0.000
1.586 0.380 0.223 371259.086 0.000 0.000 0.000
1.602 0.380 0.216 371267.422 0.000 0.000 0.000
1.613 0.382 0.208 371275.759 0.000 0.000 0.000
1.620 0.383 0.203 371284.095 0.000 0.000 0.000
1.635 0.383 0.193 371292.431 0.000 0.000 0.000
1.646 0.386 0.185 371300.767 0.000 0.000 0.000
1.661 0.386 0.175 371309.104 0.000 0.000 0.000
1.675 0.387 0.162 371317.440 0.000 0.000 0.000
1.686 0.389 0.152 371325.776 0.000 0.000 0.000
1.696 0.391 0.141 371334.112 0.000 0.000 0.000
1.710 0.392 0.127 371342.449 0.000 0.000 0.000
1.720 0.395 0.114 371350.785 0.000 0.000 0.000
1.734 0.395 0.099 371359.121 0.000 0.000 0.000
1.748 0.396 0.084 371367.458 0.000 0.000 0.000
1.757 0.399 0.070 371375.794 0.000 0.000 0.000
1.772 0.400 0.055 371384.130 0.000 0.000 0.000
1.781 0.399 0.039 371392.466 0.000 0.000 0.000
1.798 0.402 0.017 371400.802 0.000 0.000 0.000
1.803 0.402 0.002 371409.139 0.000 0.000 0.000
1.817 0.406 0.010 371417.475 0.000 0.000 0.000
1.829 0.407 0.026 371425.811 0.000 0.000 0.000
1.841 0.408 0.040 371434.147 0.000 0.000 0.000
1.853 0.409 0.056 371442.484 0.000 0.000 0.000
1.865 0.411 0.071 371450.820 0.000 0.000 0.000
1.877 0.412 0.085 371459.156 0.000 0.000 0.000
1.883 0.411 0.100 371467.492 0.000 0.000 0.000
1.895 0.413 0.114 371475.829 0.000 0.000 0.000
1.905 0.414 0.124 371484.165 0.000 0.000 0.000
1.915 0.416 0.135 371492.501 0.000 0.000 0.000
1.925 0.417 0.144 371500.838 0.000 0.000 0.000
1.935 0.419 0.155 371509.174 0.000 0.000 0.000
1.954 0.421 0.160 371517.510 0.000 0.000 0.000
1.963 0.422 0.169 371525.846 0.000 0.000 0.000
1.972 0.424 0.177 371534.183 0.000 0.000 0.000
1.986 0.424 0.182 371542.519 0.000 0.000 0.000
1.995 0.425 0.190 371550.855 0.000 0.000 0.000
2.004 0.423 0.198 371559.191 0.000 0.000 0.000
2.016 0.427 0.200 371567.527 0.000 0.000 0.000
2.029 0.427 0.203 371575.864 0.000 0.000 0.000
2.036 0.429 0.206 371584.200 0.000 0.000 0.000
2.044 0.431 0.210 371592.536 0.000 0.000 0.000
2.061 0.433 0.211 371600.873 0.000 0.000 0.000
2.073 0.433 0.210 371609.209 0.000 0.000 0.000
2.079 0.435 0.212 371617.545 0.000 0.000 0.000
2.091 0.435 0.211 371625.881 0.000 0.000 0.000
2.102 0.435 0.211 371634.218 0.000 0.000 0.000
2.109 0.437 0.212 371642.554 0.000 0.000 0.000
2.120 0.437 0.210 371650.890 0.000 0.000 0.000
2.130 0.438 0.206 371659.226 0.000 0.000 0.000
2.145 0.440 0.200 371667.563 0.000 0.000 0.000
2.150 0.442 0.197 371675.899 0.000 0.000 0.000
2.160 0.443 0.193 371684.235 0.000 0.000 0.000
2.175 0.445 0.185 371692.571 0.000 0.000 0.000
2.185 0.446 0.180 371700.907 0.000 0.000 0.000
2.195 0.446 0.174 371709.244 0.000 0.000 0.000
2.209 0.449 0.163 371717.580 0.000 0.000 0.000
2.213 0.451 0.158 371725.916 0.000 0.000 0.000
2.227 0.450 0.148 371734.253 0.000 0.000 0.000
2.237 0.450 0.141 371742.589 0.000 0.000 0.000
2.250 0.453 0.128 371750.925 0.000 0.000 0.000
2.252 0.452 0.117 371759.261 0.000 0.000 0.000
2.266 0.454 0.104 371767.598 0.000 0.000 0.000
2.274 0.455 0.095 371775.934 0.000 0.000 0.000
2.282 0.456 0.082 371784.270 0.000 0.000 0.000
2.296 0.459 0.069 371792.606 0.000 0.000 0.000
2.303 0.460 0.054 371800.943 0.000 0.000 0.000
2.315 0.459 0.037 371809.279 0.000 0.000 0.000
2.329 0.462 0.022 371817.615 0.000 0.000 0.000
2.336 0.462 0.009 371825.951 0.000 0.000 0.000
2.349 0.463 0.008 371834.287 0.000 0.000 0.000
2.355 0.462 0.022 371842.624 0.000 0.000 0.000
2.367 0.464 0.031 371850.960 0.000 0.000 0.000
2.373 0.467 0.047 371859.296 0.000 0.000 0.000
2.385 0.469 0.059 371867.633 0.000 0.000 0.000
2.396 0.470 0.071 371875.969 0.000 0.000 0.000
2.402 0.474 0.083 371884.305 0.000 0.000 0.000
2.412 0.476 0.091 371892.641 0.000 0.000 0.000
2.422 0.473 0.099 371900.978 0.000 0.000 0.000
2.427 0.477 0.112 371909.314 0.000 0.000 0.000
2.447 0.477 0.123 371917.650 0.000 0.000 0.000
2.489 0.467 0.148 371925.986 0.000 0.000 0.000
2.515 0.469 0.160 371934.323 0.000 0.000 0.000
2.531 0.469 0.163 371942.659 0.000 0.000 0.000
2.525 0.471 0.167 371950.995 0.000 0.000 0.000
2.534 0.473 0.172 371959.331 0.000 0.000 0.000
2.493 0.486 0.155 371967.667 0.000 0.000 0.000
2.552 0.477 0.180 371976.004 0.000 0.000 0.000
2.565 0.477 0.178 371984.340 0.000 0.000 0.000
2.573 0.479 0.181 371992.676 0.000 0.000 0.000
2.588 0.479 0.182 372001.013 0.000 0.000 0.000
2.594 0.482 0.180 372009.349 0.000 0.000 0.000
2.596 0.482 0.184 372017.685 0.000 0.000 0.000
2.609 0.486 0.183 372026.021 0.000 0.000 0.000
2.617 0.484 0.183 372034.358 0.000 0.000 0.000
2.624 0.486 0.183 372042.694 0.000 0.000 0.000
2.629 0.489 0.177 372051.030 0.000 0.000 0.000
2.635 0.491 0.175 372059.366 0.000 0.000 0.000
2.647 0.492 0.169 372067.703 0.000 0.000 0.000
2.610 0.504 0.145 372076.039 0.000 0.000 0.000
2.667 0.494 0.164 372084.375 0.000 0.000 0.000
2.670 0.497 0.155 372092.711 0.000 0.000 0.000
2.683 0.497 0.150 372101.047 0.000 0.000 0.000
2.687 0.500 0.143 372109.384 0.000 0.000 0.000
2.661 0.509 0.110 372117.720 0.000 0.000 0.000
2.706 0.503 0.134 372126.056 0.000 0.000 0.000
2.715 0.505 0.137 372134.392 0.000 0.000 0.000
2.719 0.505 0.147 372142.729 0.000 0.000 0.000
2.723 0.504 0.156 372151.065 0.000 0.000 0.000
2.731 0.507 0.157 372159.401 0.000 0.000 0.000
2.735 0.510 0.169 372167.737 0.000 0.000 0.000
2.702 0.518 0.155 372176.074 0.000 0.000 0.000
2.748 0.512 0.183 372184.410 0.000 0.000 0.000
2.750 0.512 0.187 372192.746 0.000 0.000 0.000
2.759 0.514 0.190 372201.083 0.000 0.000 0.000
2.761 0.514 0.196 372209.419 0.000 0.000 0.000
2.730 0.525 0.187 372217.755 0.000 0.000 0.000
2.771 0.516 0.203 372226.091 0.000 0.000 0.000
2.773 0.520 0.207 372234.427 0.000 0.000 0.000
2.781 0.518 0.208 372242.764 0.000 0.000 0.000
2.751 0.529 0.201 372251.100 0.000 0.000 0.000
2.797 0.523 0.211 372259.436 0.000 0.000 0.000
2.798 0.523 0.213 372267.772 0.000 0.000 0.000
2.773 0.532 0.200 372276.109 0.000 0.000 0.000
2.805 0.525 0.211 372284.445 0.000 0.000 0.000
2.812 0.527 0.211 372292.781 0.000 0.000 0.000
2.818 0.530 0.207 372301.117 0.000 0.000 0.000
2.787 0.537 0.198 372309.454 0.000 0.000 0.000
2.838 0.547 0.152 372384.480 0.000 0.000 0.000
2.841 0.550 0.143 372392.816 0.000 0.000 0.000
2.882 0.545 0.153 372401.152 0.000 0.000 0.000
2.886 0.543 0.143 372409.489 0.000 0.000 0.000
2.890 0.546 0.133 372417.825 0.000 0.000 0.000
2.894 0.549 0.123 372426.161 0.000 0.000 0.000
2.868 0.553 0.089 372434.498 0.000 0.000 0.000
2.870 0.556 0.077 372442.834 0.000 0.000 0.000
2.881 0.557 0.063 372451.170 0.000 0.000 0.000
2.908 0.555 0.082 372459.506 0.000 0.000 0.000
2.925 0.555 0.063 372467.843 0.000 0.000 0.000
3.012 0.585 0.111 372709.594 0.000 0.000 0.000
3.032 0.591 0.136 372759.611 0.000 0.000 0.000
3.040 0.593 0.138 372767.948 0.000 0.000 0.000
3.041 0.593 0.139 372776.284 0.000 0.000 0.000
3.041 0.593 0.139 372784.620 0.000 0.000 0.000
3.048 0.596 0.137 372792.956 0.000 0.000 0.000
3.048 0.596 0.137 372801.292 0.000 0.000 0.000
3.055 0.598 0.135 372809.629 0.000 0.000 0.000
3.063 0.596 0.132 372817.965 0.000 0.000 0.000
3.096 0.605 0.086 372892.991 0.000 0.000 0.000
3.093 0.605 0.081 372901.328 0.000 0.000 0.000
