0.010 0.286 0.706 8867.097 0.000 0.000 0.000
0.119 0.304 0.676 8892.106 0.000 0.000 0.000
0.198 0.313 0.651 8900.442 0.000 0.000 0.000
0.367 0.345 0.584 8942.123 0.000 0.000 0.000
0.424 0.338 0.559 8950.459 0.000 0.000 0.000
0.532 0.350 0.508 8975.468 0.000 0.000 0.000
0.570 0.353 0.487 8983.804 0.000 0.000 0.000
0.607 0.358 0.467 9000.477 0.000 0.000 0.000
0.874 0.374 0.299 9058.831 0.000 0.000 0.000
0.930 0.392 0.262 9067.167 0.000 0.000 0.000
1.032 0.400 0.182 9083.839 0.000 0.000 0.000
1.106 0.412 0.121 9117.184 0.000 0.000 0.000
1.108 0.413 0.109 9133.857 0.000 0.000 0.000
1.095 0.417 0.108 9158.866 0.000 0.000 0.000
1.091 0.419 0.105 9167.202 0.000 0.000 0.000
1.090 0.422 0.103 9175.538 0.000 0.000 0.000
1.085 0.424 0.100 9183.874 0.000 0.000 0.000
1.080 0.426 0.097 9192.211 0.000 0.000 0.000
1.074 0.427 0.093 9200.547 0.000 0.000 0.000
1.063 0.433 0.076 9225.556 0.000 0.000 0.000
1.056 0.434 0.070 9233.892 0.000 0.000 0.000
1.045 0.439 0.044 9258.901 0.000 0.000 0.000
1.041 0.442 0.036 9267.237 0.000 0.000 0.000
1.037 0.442 0.026 9275.573 0.000 0.000 0.000
1.028 0.446 0.008 9292.246 0.000 0.000 0.000
1.018 0.448 0.021 9300.582 0.000 0.000 0.000
1.014 0.451 0.029 9308.918 0.000 0.000 0.000
1.011 0.453 0.038 9317.254 0.000 0.000 0.000
1.007 0.456 0.045 9325.591 0.000 0.000 0.000
1.003 0.455 0.052 9333.927 0.000 0.000 0.000
0.999 0.458 0.060 9342.263 0.000 0.000 0.000
0.994 0.460 0.067 9350.599 0.000 0.000 0.000
0.992 0.462 0.070 9358.936 0.000 0.000 0.000
0.988 0.464 0.077 9367.272 0.000 0.000 0.000
0.982 0.467 0.080 9375.608 0.000 0.000 0.000
0.979 0.468 0.082 9383.944 0.000 0.000 0.000
0.973 0.471 0.085 9392.281 0.000 0.000 0.000
0.970 0.472 0.087 9400.617 0.000 0.000 0.000
0.928 0.490 0.076 9483.979 0.000 0.000 0.000
0.923 0.491 0.071 9492.316 0.000 0.000 0.000
0.919 0.495 0.062 9500.652 0.000 0.000 0.000
0.915 0.498 0.054 9508.988 0.000 0.000 0.000
0.913 0.498 0.049 9517.324 0.000 0.000 0.000
0.906 0.500 0.041 9525.661 0.000 0.000 0.000
0.905 0.502 0.031 9533.997 0.000 0.000 0.000
0.900 0.506 0.022 9542.333 0.000 0.000 0.000
0.899 0.508 0.011 9550.669 0.000 0.000 0.000
0.897 0.508 0.006 9559.006 0.000 0.000 0.000
0.890 0.509 0.015 9567.342 0.000 0.000 0.000
0.885 0.509 0.026 9575.678 0.000 0.000 0.000
0.881 0.512 0.033 9584.014 0.000 0.000 0.000
0.876 0.514 0.039 9592.351 0.000 0.000 0.000
0.872 0.517 0.045 9600.687 0.000 0.000 0.000
0.868 0.516 0.052 9609.023 0.000 0.000 0.000
0.863 0.518 0.057 9617.359 0.000 0.000 0.000
0.859 0.521 0.062 9625.696 0.000 0.000 0.000
0.856 0.522 0.064 9634.032 0.000 0.000 0.000
0.852 0.525 0.070 9642.368 0.000 0.000 0.000
0.849 0.526 0.070 9650.704 0.000 0.000 0.000
0.843 0.528 0.072 9659.041 0.000 0.000 0.000
0.800 0.543 0.062 9742.403 0.000 0.000 0.000
0.797 0.543 0.057 9750.739 0.000 0.000 0.000
0.794 0.547 0.050 9759.076 0.000 0.000 0.000
0.791 0.547 0.044 9767.412 0.000 0.000 0.000
0.787 0.551 0.033 9775.748 0.000 0.000 0.000
0.783 0.551 0.024 9784.084 0.000 0.000 0.000
0.779 0.554 0.017 9792.421 0.000 0.000 0.000
0.775 0.555 0.008 9800.757 0.000 0.000 0.000
0.772 0.556 0.010 9809.093 0.000 0.000 0.000
0.769 0.558 0.016 9817.429 0.000 0.000 0.000
0.763 0.559 0.025 9825.766 0.000 0.000 0.000
0.759 0.561 0.031 9834.102 0.000 0.000 0.000
0.752 0.562 0.038 9842.438 0.000 0.000 0.000
0.748 0.564 0.045 9850.774 0.000 0.000 0.000
0.747 0.565 0.048 9859.111 0.000 0.000 0.000
0.743 0.567 0.053 9867.447 0.000 0.000 0.000
0.740 0.569 0.055 9875.783 0.000 0.000 0.000
0.733 0.569 0.060 9884.119 0.000 0.000 0.000
0.727 0.572 0.063 9892.456 0.000 0.000 0.000
0.699 0.585 0.059 9959.146 0.000 0.000 0.000
0.694 0.586 0.056 9967.482 0.000 0.000 0.000
0.689 0.587 0.052 9975.818 0.000 0.000 0.000
0.687 0.587 0.047 9984.154 0.000 0.000 0.000
0.684 0.590 0.042 9992.491 0.000 0.000 0.000
0.679 0.592 0.037 10000.827 0.000 0.000 0.000
0.674 0.596 0.027 10009.163 0.000 0.000 0.000
0.670 0.596 0.018 10017.499 0.000 0.000 0.000
0.667 0.596 0.011 10025.836 0.000 0.000 0.000
0.665 0.599 0.007 10034.172 0.000 0.000 0.000
0.659 0.600 0.015 10042.508 0.000 0.000 0.000
0.656 0.602 0.022 10050.844 0.000 0.000 0.000
0.650 0.603 0.029 10059.181 0.000 0.000 0.000
0.646 0.605 0.035 10067.517 0.000 0.000 0.000
0.644 0.606 0.037 10075.853 0.000 0.000 0.000
0.640 0.608 0.043 10084.189 0.000 0.000 0.000
0.635 0.610 0.046 10092.526 0.000 0.000 0.000
0.631 0.610 0.049 10100.862 0.000 0.000 0.000
0.626 0.612 0.052 10109.198 0.000 0.000 0.000
0.594 0.626 0.046 10184.224 0.000 0.000 0.000
0.590 0.627 0.043 10192.561 0.000 0.000 0.000
0.585 0.628 0.040 10200.897 0.000 0.000 0.000
0.582 0.631 0.033 10209.233 0.000 0.000 0.000
0.577 0.632 0.029 10217.569 0.000 0.000 0.000
0.575 0.635 0.017 10225.906 0.000 0.000 0.000
0.569 0.636 0.011 10234.242 0.000 0.000 0.000
0.566 0.637 0.005 10242.578 0.000 0.000 0.000
0.564 0.639 0.013 10250.914 0.000 0.000 0.000
0.560 0.641 0.020 10259.251 0.000 0.000 0.000
0.556 0.643 0.024 10267.587 0.000 0.000 0.000
0.551 0.643 0.032 10275.923 0.000 0.000 0.000
0.549 0.644 0.035 10284.259 0.000 0.000 0.000
0.545 0.647 0.038 10292.596 0.000 0.000 0.000
0.541 0.646 0.042 10300.932 0.000 0.000 0.000
0.536 0.648 0.044 10309.268 0.000 0.000 0.000
0.534 0.649 0.046 10317.604 0.000 0.000 0.000
0.528 0.651 0.048 10325.941 0.000 0.000 0.000
0.525 0.653 0.048 10334.277 0.000 0.000 0.000
0.520 0.655 0.048 10342.613 0.000 0.000 0.000
0.516 0.656 0.047 10350.949 0.000 0.000 0.000
0.513 0.657 0.046 10359.286 0.000 0.000 0.000
0.510 0.660 0.042 10367.622 0.000 0.000 0.000
0.507 0.662 0.040 10375.958 0.000 0.000 0.000
0.505 0.662 0.036 10384.294 0.000 0.000 0.000
0.500 0.663 0.032 10392.631 0.000 0.000 0.000
0.495 0.664 0.028 10400.967 0.000 0.000 0.000
0.492 0.667 0.023 10409.303 0.000 0.000 0.000
0.487 0.669 0.018 10417.639 0.000 0.000 0.000
0.484 0.669 0.011 10425.976 0.000 0.000 0.000
0.481 0.672 0.007 10434.312 0.000 0.000 0.000
0.476 0.672 0.014 10442.648 0.000 0.000 0.000
0.471 0.675 0.022 10450.984 0.000 0.000 0.000
0.467 0.677 0.026 10459.321 0.000 0.000 0.000
0.466 0.678 0.030 10467.657 0.000 0.000 0.000
0.464 0.679 0.032 10475.993 0.000 0.000 0.000
0.459 0.681 0.035 10484.329 0.000 0.000 0.000
0.142 0.457 0.199 10559.356 0.000 0.000 0.000
0.401 0.685 0.027 10592.701 0.000 0.000 0.000
0.411 0.699 0.013 10601.037 0.000 0.000 0.000
0.407 0.701 0.010 10609.373 0.000 0.000 0.000
0.403 0.703 0.013 10617.709 0.000 0.000 0.000
0.401 0.706 0.017 10626.046 0.000 0.000 0.000
0.396 0.707 0.022 10634.382 0.000 0.000 0.000
0.392 0.708 0.027 10642.718 0.000 0.000 0.000
0.391 0.709 0.030 10651.054 0.000 0.000 0.000
0.387 0.711 0.033 10659.391 0.000 0.000 0.000
