1.607 0.456 0.076 13679.502 0.000 0.000 0.000
1.618 0.455 0.103 13687.838 0.000 0.000 0.000
1.634 0.455 0.127 13696.174 0.000 0.000 0.000
1.650 0.456 0.152 13704.511 0.000 0.000 0.000
1.660 0.455 0.176 13712.847 0.000 0.000 0.000
1.674 0.456 0.198 13721.183 0.000 0.000 0.000
1.689 0.457 0.219 13729.519 0.000 0.000 0.000
1.703 0.458 0.241 13737.856 0.000 0.000 0.000
1.722 0.458 0.260 13746.192 0.000 0.000 0.000
1.730 0.457 0.279 13754.528 0.000 0.000 0.000
1.748 0.456 0.298 13762.864 0.000 0.000 0.000
1.761 0.457 0.316 13771.201 0.000 0.000 0.000
1.774 0.458 0.333 13779.537 0.000 0.000 0.000
1.787 0.460 0.351 13787.873 0.000 0.000 0.000
1.803 0.459 0.365 13796.209 0.000 0.000 0.000
1.814 0.461 0.380 13804.546 0.000 0.000 0.000
1.830 0.460 0.393 13812.882 0.000 0.000 0.000
1.846 0.460 0.405 13821.218 0.000 0.000 0.000
1.857 0.461 0.419 13829.554 0.000 0.000 0.000
1.872 0.461 0.431 13837.891 0.000 0.000 0.000
1.883 0.462 0.444 13846.227 0.000 0.000 0.000
1.898 0.462 0.454 13854.563 0.000 0.000 0.000
1.907 0.464 0.464 13862.899 0.000 0.000 0.000
1.926 0.462 0.471 13871.236 0.000 0.000 0.000
1.940 0.462 0.479 13879.572 0.000 0.000 0.000
1.953 0.462 0.486 13887.908 0.000 0.000 0.000
1.962 0.464 0.494 13896.244 0.000 0.000 0.000
1.974 0.464 0.498 13904.581 0.000 0.000 0.000
1.988 0.464 0.505 13912.917 0.000 0.000 0.000
2.001 0.464 0.511 13921.253 0.000 0.000 0.000
2.017 0.466 0.511 13929.589 0.000 0.000 0.000
2.034 0.464 0.513 13937.926 0.000 0.000 0.000
2.043 0.466 0.521 13946.262 0.000 0.000 0.000
2.059 0.465 0.519 13954.598 0.000 0.000 0.000
2.071 0.465 0.522 13962.934 0.000 0.000 0.000
2.082 0.465 0.523 13971.271 0.000 0.000 0.000
2.094 0.465 0.524 13979.607 0.000 0.000 0.000
2.110 0.468 0.523 13987.943 0.000 0.000 0.000
2.120 0.468 0.520 13996.279 0.000 0.000 0.000
2.136 0.467 0.519 14004.616 0.000 0.000 0.000
2.146 0.467 0.516 14012.952 0.000 0.000 0.000
2.161 0.466 0.511 14021.288 0.000 0.000 0.000
2.171 0.466 0.507 14029.624 0.000 0.000 0.000
2.191 0.467 0.501 14037.961 0.000 0.000 0.000
2.201 0.468 0.497 14046.297 0.000 0.000 0.000
2.210 0.468 0.491 14054.633 0.000 0.000 0.000
2.224 0.471 0.483 14062.969 0.000 0.000 0.000
2.238 0.470 0.474 14071.306 0.000 0.000 0.000
2.253 0.469 0.466 14079.642 0.000 0.000 0.000
2.266 0.468 0.454 14087.978 0.000 0.000 0.000
2.337 0.450 0.442 14096.314 0.000 0.000 0.000
2.451 0.423 0.420 14104.651 0.000 0.000 0.000
2.447 0.428 0.411 14112.987 0.000 0.000 0.000
2.477 0.422 0.402 14121.323 0.000 0.000 0.000
2.491 0.425 0.389 14129.659 0.000 0.000 0.000
2.342 0.471 0.388 14137.996 0.000 0.000 0.000
2.482 0.434 0.369 14146.332 0.000 0.000 0.000
2.503 0.431 0.356 14154.668 0.000 0.000 0.000
2.519 0.430 0.343 14163.004 0.000 0.000 0.000
2.513 0.434 0.330 14171.341 0.000 0.000 0.000
2.535 0.435 0.317 14179.677 0.000 0.000 0.000
2.415 0.471 0.302 14188.013 0.000 0.000 0.000
2.514 0.447 0.286 14196.349 0.000 0.000 0.000
2.578 0.431 0.271 14204.686 0.000 0.000 0.000
2.578 0.434 0.255 14213.022 0.000 0.000 0.000
2.600 0.435 0.240 14221.358 0.000 0.000 0.000
2.598 0.438 0.220 14229.694 0.000 0.000 0.000
2.621 0.435 0.206 14238.031 0.000 0.000 0.000
2.628 0.436 0.190 14246.367 0.000 0.000 0.000
2.642 0.439 0.171 14254.703 0.000 0.000 0.000
2.516 0.474 0.124 14263.039 0.000 0.000 0.000
2.528 0.474 0.101 14271.376 0.000 0.000 0.000
2.509 0.471 0.108 14279.712 0.000 0.000 0.000
2.494 0.472 0.121 14288.048 0.000 0.000 0.000
2.476 0.473 0.128 14296.384 0.000 0.000 0.000
2.460 0.470 0.138 14304.721 0.000 0.000 0.000
2.437 0.469 0.150 14313.057 0.000 0.000 0.000
2.426 0.469 0.156 14321.393 0.000 0.000 0.000
2.408 0.470 0.163 14329.729 0.000 0.000 0.000
2.391 0.467 0.169 14338.066 0.000 0.000 0.000
2.374 0.469 0.175 14346.402 0.000 0.000 0.000
2.357 0.466 0.181 14354.738 0.000 0.000 0.000
2.344 0.466 0.184 14363.074 0.000 0.000 0.000
2.321 0.465 0.190 14371.411 0.000 0.000 0.000
2.309 0.465 0.192 14379.747 0.000 0.000 0.000
2.286 0.464 0.197 14388.083 0.000 0.000 0.000
2.272 0.464 0.196 14396.419 0.000 0.000 0.000
2.254 0.461 0.199 14404.756 0.000 0.000 0.000
2.241 0.461 0.196 14413.092 0.000 0.000 0.000
2.229 0.461 0.197 14421.428 0.000 0.000 0.000
2.210 0.462 0.196 14429.764 0.000 0.000 0.000
2.191 0.460 0.195 14438.101 0.000 0.000 0.000
2.178 0.460 0.193 14446.437 0.000 0.000 0.000
2.158 0.458 0.190 14454.773 0.000 0.000 0.000
2.145 0.458 0.186 14463.109 0.000 0.000 0.000
2.130 0.458 0.182 14471.446 0.000 0.000 0.000
2.106 0.457 0.180 14479.782 0.000 0.000 0.000
2.095 0.456 0.171 14488.118 0.000 0.000 0.000
2.077 0.457 0.168 14496.454 0.000 0.000 0.000
2.057 0.455 0.161 14504.791 0.000 0.000 0.000
2.041 0.456 0.152 14513.127 0.000 0.000 0.000
2.027 0.456 0.147 14521.463 0.000 0.000 0.000
2.011 0.452 0.136 14529.799 0.000 0.000 0.000
1.995 0.452 0.126 14538.136 0.000 0.000 0.000
1.979 0.452 0.115 14546.472 0.000 0.000 0.000
1.964 0.453 0.107 14554.808 0.000 0.000 0.000
1.947 0.449 0.095 14563.144 0.000 0.000 0.000
1.930 0.450 0.081 14571.481 0.000 0.000 0.000
1.913 0.450 0.068 14579.817 0.000 0.000 0.000
1.901 0.449 0.053 14588.153 0.000 0.000 0.000
1.884 0.445 0.039 14596.489 0.000 0.000 0.000
1.867 0.446 0.026 14604.826 0.000 0.000 0.000
1.854 0.444 0.009 14613.162 0.000 0.000 0.000
1.840 0.444 0.001 14621.498 0.000 0.000 0.000
1.834 0.444 0.013 14629.834 0.000 0.000 0.000
1.820 0.443 0.031 14638.171 0.000 0.000 0.000
1.813 0.442 0.041 14646.507 0.000 0.000 0.000
1.803 0.443 0.055 14654.843 0.000 0.000 0.000
1.788 0.442 0.069 14663.179 0.000 0.000 0.000
1.782 0.441 0.079 14671.516 0.000 0.000 0.000
1.771 0.443 0.089 14679.852 0.000 0.000 0.000
1.764 0.442 0.098 14688.188 0.000 0.000 0.000
1.747 0.441 0.109 14696.524 0.000 0.000 0.000
1.741 0.441 0.117 14704.861 0.000 0.000 0.000
1.733 0.440 0.124 14713.197 0.000 0.000 0.000
1.721 0.441 0.131 14721.533 0.000 0.000 0.000
1.713 0.441 0.136 14729.869 0.000 0.000 0.000
1.702 0.439 0.145 14738.206 0.000 0.000 0.000
1.693 0.438 0.148 14746.542 0.000 0.000 0.000
1.681 0.439 0.154 14754.878 0.000 0.000 0.000
1.673 0.439 0.158 14763.214 0.000 0.000 0.000
1.663 0.439 0.160 14771.551 0.000 0.000 0.000
1.654 0.439 0.160 14779.887 0.000 0.000 0.000
1.645 0.438 0.162 14788.223 0.000 0.000 0.000
1.636 0.438 0.165 14796.559 0.000 0.000 0.000
1.627 0.438 0.165 14804.896 0.000 0.000 0.000
1.616 0.438 0.163 14813.232 0.000 0.000 0.000
1.606 0.438 0.162 14821.568 0.000 0.000 0.000
1.596 0.437 0.161 14829.904 0.000 0.000 0.000
1.586 0.437 0.159 14838.241 0.000 0.000 0.000
1.579 0.436 0.155 14846.577 0.000 0.000 0.000
1.568 0.436 0.151 14854.913 0.000 0.000 0.000
1.558 0.436 0.149 14863.249 0.000 0.000 0.000
1.554 0.436 0.140 14871.586 0.000 0.000 0.000
1.542 0.436 0.135 14879.922 0.000 0.000 0.000
1.531 0.436 0.130 14888.258 0.000 0.000 0.000
1.522 0.435 0.122 14896.594 0.000 0.000 0.000
1.511 0.435 0.117 14904.931 0.000 0.000 0.000
1.502 0.437 0.107 14913.267 0.000 0.000 0.000
1.493 0.435 0.098 14921.603 0.000 0.000 0.000
1.484 0.434 0.088 14929.939 0.000 0.000 0.000
1.479 0.434 0.075 14938.276 0.000 0.000 0.000
1.469 0.433 0.064 14946.612 0.000 0.000 0.000
1.456 0.433 0.056 14954.948 0.000 0.000 0.000
1.450 0.434 0.042 14963.284 0.000 0.000 0.000
1.440 0.432 0.030 14971.621 0.000 0.000 0.000
1.429 0.431 0.016 14979.957 0.000 0.000 0.000
1.423 0.432 0.002 14988.293 0.000 0.000 0.000
1.409 0.431 0.012 14996.629 0.000 0.000 0.000
1.406 0.430 0.024 15004.966 0.000 0.000 0.000
1.397 0.431 0.036 15013.302 0.000 0.000 0.000
1.384 0.431 0.047 15021.638 0.000 0.000 0.000
1.376 0.432 0.058 15029.974 0.000 0.000 0.000
1.367 0.429 0.068 15038.311 0.000 0.000 0.000
1.358 0.430 0.078 15046.647 0.000 0.000 0.000
1.350 0.428 0.088 15054.983 0.000 0.000 0.000
1.341 0.429 0.096 15063.319 0.000 0.000 0.000
1.334 0.429 0.101 15071.656 0.000 0.000 0.000
1.321 0.428 0.111 15079.992 0.000 0.000 0.000
1.315 0.428 0.115 15088.328 0.000 0.000 0.000
1.305 0.429 0.122 15096.664 0.000 0.000 0.000
1.295 0.427 0.127 15105.001 0.000 0.000 0.000
1.288 0.426 0.131 15113.337 0.000 0.000 0.000
1.277 0.428 0.135 15121.673 0.000 0.000 0.000
1.269 0.427 0.135 15130.009 0.000 0.000 0.000
1.262 0.427 0.137 15138.346 0.000 0.000 0.000
1.252 0.425 0.141 15146.682 0.000 0.000 0.000
1.244 0.425 0.141 15155.018 0.000 0.000 0.000
1.235 0.425 0.141 15163.354 0.000 0.000 0.000
1.226 0.425 0.139 15171.691 0.000 0.000 0.000
1.218 0.425 0.138 15180.027 0.000 0.000 0.000
1.209 0.425 0.136 15188.363 0.000 0.000 0.000
1.200 0.424 0.134 15196.699 0.000 0.000 0.000
1.194 0.423 0.129 15205.036 0.000 0.000 0.000
1.184 0.423 0.126 15213.372 0.000 0.000 0.000
1.175 0.423 0.122 15221.708 0.000 0.000 0.000
1.169 0.421 0.117 15230.044 0.000 0.000 0.000
1.163 0.423 0.114 15238.381 0.000 0.000 0.000
1.158 0.422 0.110 15246.717 0.000 0.000 0.000
1.396 0.411 0.001 16422.128 0.000 0.000 0.000
1.396 0.411 0.001 16430.464 0.000 0.000 0.000
1.396 0.411 0.003 16438.801 0.000 0.000 0.000
1.400 0.413 0.001 16447.137 0.000 0.000 0.000
1.404 0.412 0.000 16455.473 0.000 0.000 0.000
1.405 0.411 0.002 16463.809 0.000 0.000 0.000
1.409 0.413 0.001 16472.146 0.000 0.000 0.000
1.413 0.412 -0.001 16480.482 0.000 0.000 0.000
1.414 0.412 0.002 16488.818 0.000 0.000 0.000
1.418 0.413 0.000 16497.154 0.000 0.000 0.000
1.418 0.413 0.000 16505.491 0.000 0.000 0.000
1.419 0.413 0.003 16513.827 0.000 0.000 0.000
1.427 0.414 -0.001 16522.163 0.000 0.000 0.000
1.427 0.414 -0.001 16530.499 0.000 0.000 0.000
1.428 0.413 0.002 16538.836 0.000 0.000 0.000
1.428 0.413 0.002 16547.172 0.000 0.000 0.000
1.435 0.414 -0.002 16555.508 0.000 0.000 0.000
1.437 0.414 0.001 16563.844 0.000 0.000 0.000
1.440 0.412 -0.001 16572.181 0.000 0.000 0.000
1.444 0.414 -0.003 16580.517 0.000 0.000 0.000
1.445 0.414 0.000 16588.853 0.000 0.000 0.000
1.449 0.412 -0.002 16597.189 0.000 0.000 0.000
1.450 0.412 -0.001 16605.526 0.000 0.000 0.000
1.450 0.412 0.001 16613.862 0.000 0.000 0.000
1.459 0.412 -0.001 16622.198 0.000 0.000 0.000
1.459 0.412 -0.001 16630.534 0.000 0.000 0.000
1.463 0.414 -0.002 16638.871 0.000 0.000 0.000
1.464 0.414 -0.000 16647.207 0.000 0.000 0.000
1.468 0.413 -0.002 16655.543 0.000 0.000 0.000
1.468 0.412 -0.001 16663.879 0.000 0.000 0.000
1.473 0.414 -0.001 16672.216 0.000 0.000 0.000
1.477 0.413 -0.002 16680.552 0.000 0.000 0.000
1.478 0.413 -0.001 16688.888 0.000 0.000 0.000
1.482 0.414 -0.002 16697.224 0.000 0.000 0.000
1.486 0.413 -0.004 16705.561 0.000 0.000 0.000
1.487 0.413 -0.002 16713.897 0.000 0.000 0.000
1.487 0.413 -0.002 16722.233 0.000 0.000 0.000
1.496 0.413 -0.003 16730.569 0.000 0.000 0.000
1.496 0.413 -0.003 16738.906 0.000 0.000 0.000
1.496 0.413 -0.003 16747.242 0.000 0.000 0.000
1.501 0.415 -0.003 16755.578 0.000 0.000 0.000
1.504 0.413 -0.005 16763.914 0.000 0.000 0.000
1.505 0.413 -0.003 16772.251 0.000 0.000 0.000
1.510 0.415 -0.002 16780.587 0.000 0.000 0.000
1.510 0.415 -0.002 16788.923 0.000 0.000 0.000
1.511 0.415 -0.001 16797.259 0.000 0.000 0.000
1.515 0.413 -0.003 16805.596 0.000 0.000 0.000
1.519 0.415 -0.003 16813.932 0.000 0.000 0.000
1.520 0.415 -0.002 16822.268 0.000 0.000 0.000
1.524 0.413 -0.003 16830.604 0.000 0.000 0.000
1.529 0.415 -0.003 16838.941 0.000 0.000 0.000
1.529 0.415 -0.003 16847.277 0.000 0.000 0.000
1.530 0.415 -0.000 16855.613 0.000 0.000 0.000
1.530 0.415 -0.000 16863.949 0.000 0.000 0.000
1.534 0.417 -0.002 16872.286 0.000 0.000 0.000
1.540 0.415 -0.001 16880.622 0.000 0.000 0.000
1.540 0.415 -0.001 16888.958 0.000 0.000 0.000
1.545 0.417 -0.000 16897.294 0.000 0.000 0.000
1.545 0.417 -0.000 16905.631 0.000 0.000 0.000
1.545 0.417 -0.000 16913.967 0.000 0.000 0.000
1.553 0.417 -0.004 16922.303 0.000 0.000 0.000
1.554 0.417 -0.001 16930.639 0.000 0.000 0.000
1.554 0.417 -0.001 16938.976 0.000 0.000 0.000
1.558 0.415 -0.003 16947.312 0.000 0.000 0.000
1.563 0.417 -0.002 16955.648 0.000 0.000 0.000
1.563 0.417 -0.002 16963.984 0.000 0.000 0.000
1.563 0.417 -0.002 16972.321 0.000 0.000 0.000
1.573 0.417 -0.003 16980.657 0.000 0.000 0.000
1.573 0.417 -0.003 16988.993 0.000 0.000 0.000
1.574 0.417 -0.000 16997.329 0.000 0.000 0.000
1.574 0.417 -0.000 17005.666 0.000 0.000 0.000
1.582 0.418 -0.004 17014.002 0.000 0.000 0.000
1.583 0.418 -0.003 17022.338 0.000 0.000 0.000
1.583 0.417 -0.001 17030.674 0.000 0.000 0.000
1.592 0.418 -0.004 17039.011 0.000 0.000 0.000
1.592 0.418 -0.004 17047.347 0.000 0.000 0.000
1.593 0.418 -0.002 17055.683 0.000 0.000 0.000
1.598 0.419 -0.003 17064.019 0.000 0.000 0.000
1.598 0.419 -0.003 17072.356 0.000 0.000 0.000
1.602 0.418 -0.003 17080.692 0.000 0.000 0.000
1.603 0.418 -0.002 17089.028 0.000 0.000 0.000
1.607 0.420 -0.004 17097.364 0.000 0.000 0.000
1.607 0.420 -0.004 17105.701 0.000 0.000 0.000
1.608 0.420 -0.001 17114.037 0.000 0.000 0.000
1.612 0.418 -0.003 17122.373 0.000 0.000 0.000
1.617 0.420 -0.003 17130.709 0.000 0.000 0.000
1.618 0.420 -0.002 17139.046 0.000 0.000 0.000
1.618 0.420 -0.002 17147.382 0.000 0.000 0.000
1.627 0.420 -0.005 17155.718 0.000 0.000 0.000
1.627 0.420 -0.003 17164.054 0.000 0.000 0.000
1.627 0.420 -0.003 17172.391 0.000 0.000 0.000
1.632 0.422 -0.003 17180.727 0.000 0.000 0.000
1.633 0.422 -0.002 17189.063 0.000 0.000 0.000
1.638 0.420 -0.003 17197.399 0.000 0.000 0.000
1.638 0.420 -0.003 17205.736 0.000 0.000 0.000
1.642 0.422 -0.003 17214.072 0.000 0.000 0.000
1.643 0.422 -0.001 17222.408 0.000 0.000 0.000
1.643 0.422 -0.001 17230.744 0.000 0.000 0.000
1.652 0.422 -0.004 17239.081 0.000 0.000 0.000
1.652 0.422 -0.004 17247.417 0.000 0.000 0.000
1.653 0.422 -0.003 17255.753 0.000 0.000 0.000
1.653 0.422 -0.003 17264.089 0.000 0.000 0.000
1.659 0.424 -0.001 17272.426 0.000 0.000 0.000
1.659 0.424 -0.001 17280.762 0.000 0.000 0.000
1.659 0.424 -0.001 17289.098 0.000 0.000 0.000
1.668 0.424 -0.002 17297.434 0.000 0.000 0.000
1.668 0.424 -0.002 17305.771 0.000 0.000 0.000
1.668 0.424 -0.002 17314.107 0.000 0.000 0.000
1.670 0.424 0.001 17322.443 0.000 0.000 0.000
1.678 0.424 -0.003 17330.779 0.000 0.000 0.000
1.678 0.424 -0.003 17339.116 0.000 0.000 0.000
1.678 0.424 -0.003 17347.452 0.000 0.000 0.000
1.689 0.424 -0.003 17380.797 0.000 0.000 0.000
1.693 0.426 -0.003 17389.133 0.000 0.000 0.000
1.693 0.426 -0.003 17397.469 0.000 0.000 0.000
1.693 0.426 -0.003 17405.806 0.000 0.000 0.000
1.699 0.424 -0.003 17414.142 0.000 0.000 0.000
1.704 0.426 -0.003 17422.478 0.000 0.000 0.000
1.704 0.426 -0.003 17430.814 0.000 0.000 0.000
1.705 0.426 -0.001 17439.151 0.000 0.000 0.000
1.705 0.426 -0.001 17447.487 0.000 0.000 0.000
1.714 0.427 -0.004 17455.823 0.000 0.000 0.000
1.714 0.427 -0.004 17464.159 0.000 0.000 0.000
1.715 0.426 -0.002 17472.496 0.000 0.000 0.000
1.720 0.428 -0.003 17480.832 0.000 0.000 0.000
1.720 0.428 -0.003 17489.168 0.000 0.000 0.000
1.725 0.427 -0.004 17497.504 0.000 0.000 0.000
1.725 0.427 -0.004 17505.841 0.000 0.000 0.000
1.730 0.429 -0.004 17514.177 0.000 0.000 0.000
1.730 0.429 -0.004 17522.513 0.000 0.000 0.000
1.731 0.428 -0.001 17530.849 0.000 0.000 0.000
1.736 0.427 -0.003 17539.186 0.000 0.000 0.000
1.740 0.429 -0.005 17547.522 0.000 0.000 0.000
1.740 0.429 -0.003 17555.858 0.000 0.000 0.000
1.741 0.429 -0.002 17564.194 0.000 0.000 0.000
1.746 0.431 -0.004 17572.531 0.000 0.000 0.000
1.746 0.431 -0.004 17580.867 0.000 0.000 0.000
1.747 0.430 -0.001 17589.203 0.000 0.000 0.000
1.751 0.429 -0.003 17597.539 0.000 0.000 0.000
1.756 0.431 -0.005 17605.876 0.000 0.000 0.000
1.767 0.431 -0.003 17655.893 0.000 0.000 0.000
1.783 0.433 -0.003 17714.247 0.000 0.000 0.000
