1.731 0.405 0.279 66127.327 0.000 0.000 0.000
1.750 0.408 0.298 66135.664 0.000 0.000 0.000
1.767 0.411 0.315 66144.000 0.000 0.000 0.000
1.785 0.413 0.331 66152.336 0.000 0.000 0.000
1.798 0.415 0.351 66160.673 0.000 0.000 0.000
1.846 0.407 0.364 66169.009 0.000 0.000 0.000
1.963 0.377 0.374 66177.345 0.000 0.000 0.000
1.989 0.377 0.384 66185.681 0.000 0.000 0.000
2.010 0.378 0.395 66194.018 0.000 0.000 0.000
2.042 0.372 0.405 66202.354 0.000 0.000 0.000
2.119 0.355 0.413 66210.690 0.000 0.000 0.000
2.135 0.359 0.423 66219.026 0.000 0.000 0.000
2.154 0.361 0.428 66227.363 0.000 0.000 0.000
2.169 0.364 0.436 66235.699 0.000 0.000 0.000
2.178 0.366 0.444 66244.035 0.000 0.000 0.000
2.209 0.364 0.447 66252.371 0.000 0.000 0.000
2.217 0.370 0.452 66260.708 0.000 0.000 0.000
2.232 0.373 0.458 66269.044 0.000 0.000 0.000
2.250 0.376 0.460 66277.380 0.000 0.000 0.000
2.263 0.379 0.464 66285.716 0.000 0.000 0.000
2.282 0.381 0.465 66294.053 0.000 0.000 0.000
2.295 0.382 0.467 66302.389 0.000 0.000 0.000
2.315 0.383 0.470 66310.725 0.000 0.000 0.000
2.327 0.388 0.471 66319.061 0.000 0.000 0.000
2.339 0.392 0.471 66327.397 0.000 0.000 0.000
2.358 0.394 0.473 66335.734 0.000 0.000 0.000
2.279 0.425 0.482 66344.070 0.000 0.000 0.000
2.381 0.402 0.470 66352.406 0.000 0.000 0.000
2.407 0.398 0.470 66360.742 0.000 0.000 0.000
2.418 0.402 0.467 66369.079 0.000 0.000 0.000
2.429 0.407 0.464 66377.415 0.000 0.000 0.000
2.504 0.392 0.453 66385.751 0.000 0.000 0.000
2.516 0.396 0.449 66394.087 0.000 0.000 0.000
2.465 0.419 0.456 66402.424 0.000 0.000 0.000
2.488 0.416 0.449 66410.760 0.000 0.000 0.000
2.505 0.422 0.442 66419.096 0.000 0.000 0.000
2.516 0.422 0.437 66427.432 0.000 0.000 0.000
2.520 0.429 0.432 66435.769 0.000 0.000 0.000
2.532 0.433 0.427 66444.105 0.000 0.000 0.000
2.549 0.436 0.418 66452.441 0.000 0.000 0.000
2.579 0.434 0.407 66460.777 0.000 0.000 0.000
2.589 0.435 0.400 66469.114 0.000 0.000 0.000
2.592 0.441 0.390 66477.450 0.000 0.000 0.000
2.603 0.446 0.383 66485.786 0.000 0.000 0.000
2.535 0.472 0.379 66494.122 0.000 0.000 0.000
2.644 0.449 0.363 66502.459 0.000 0.000 0.000
2.654 0.450 0.352 66510.795 0.000 0.000 0.000
2.671 0.452 0.341 66519.131 0.000 0.000 0.000
2.599 0.475 0.330 66527.467 0.000 0.000 0.000
2.683 0.460 0.319 66535.804 0.000 0.000 0.000
2.707 0.460 0.306 66544.140 0.000 0.000 0.000
2.708 0.467 0.292 66552.476 0.000 0.000 0.000
2.723 0.470 0.277 66560.813 0.000 0.000 0.000
2.734 0.471 0.267 66569.149 0.000 0.000 0.000
2.743 0.471 0.254 66577.485 0.000 0.000 0.000
2.765 0.472 0.237 66585.821 0.000 0.000 0.000
2.768 0.479 0.226 66594.158 0.000 0.000 0.000
2.783 0.482 0.209 66602.494 0.000 0.000 0.000
2.791 0.483 0.195 66610.830 0.000 0.000 0.000
2.857 0.472 0.176 66619.166 0.000 0.000 0.000
2.821 0.489 0.161 66627.503 0.000 0.000 0.000
2.877 0.477 0.157 66635.839 0.000 0.000 0.000
2.844 0.492 0.159 66644.175 0.000 0.000 0.000
2.852 0.496 0.174 66652.511 0.000 0.000 0.000
2.867 0.498 0.186 66660.848 0.000 0.000 0.000
2.887 0.503 0.197 66669.184 0.000 0.000 0.000
2.824 0.520 0.200 66677.520 0.000 0.000 0.000
2.922 0.505 0.220 66685.856 0.000 0.000 0.000
2.935 0.502 0.233 66694.193 0.000 0.000 0.000
2.938 0.507 0.241 66702.529 0.000 0.000 0.000
2.952 0.509 0.254 66710.865 0.000 0.000 0.000
2.977 0.512 0.257 66719.201 0.000 0.000 0.000
2.999 0.511 0.269 66727.538 0.000 0.000 0.000
2.994 0.518 0.280 66735.874 0.000 0.000 0.000
3.020 0.516 0.285 66744.210 0.000 0.000 0.000
3.032 0.518 0.294 66752.546 0.000 0.000 0.000
3.043 0.520 0.302 66760.883 0.000 0.000 0.000
3.052 0.523 0.305 66769.219 0.000 0.000 0.000
3.061 0.525 0.309 66777.555 0.000 0.000 0.000
3.063 0.530 0.318 66785.891 0.000 0.000 0.000
3.081 0.530 0.321 66794.228 0.000 0.000 0.000
3.098 0.535 0.323 66802.564 0.000 0.000 0.000
3.117 0.535 0.328 66810.900 0.000 0.000 0.000
3.124 0.538 0.328 66819.236 0.000 0.000 0.000
3.126 0.538 0.332 66827.572 0.000 0.000 0.000
3.158 0.539 0.328 66835.909 0.000 0.000 0.000
3.158 0.543 0.330 66844.245 0.000 0.000 0.000
3.176 0.543 0.329 66852.581 0.000 0.000 0.000
3.175 0.548 0.330 66860.917 0.000 0.000 0.000
3.192 0.549 0.327 66869.254 0.000 0.000 0.000
3.208 0.549 0.323 66877.590 0.000 0.000 0.000
3.392 0.586 0.251 67019.306 0.000 0.000 0.000
3.409 0.587 0.242 67027.643 0.000 0.000 0.000
3.422 0.592 0.229 67035.979 0.000 0.000 0.000
