1.798 0.757 0.001 173639.944 0.000 0.000 0.000
1.788 0.756 0.002 173648.280 0.000 0.000 0.000
1.783 0.754 0.001 173656.616 0.000 0.000 0.000
1.772 0.753 0.002 173664.953 0.000 0.000 0.000
1.766 0.751 -0.001 173673.289 0.000 0.000 0.000
1.762 0.749 -0.000 173681.625 0.000 0.000 0.000
1.756 0.747 0.000 173689.961 0.000 0.000 0.000
1.746 0.746 0.001 173698.297 0.000 0.000 0.000
1.737 0.745 0.004 173706.634 0.000 0.000 0.000
1.732 0.743 0.002 173714.970 0.000 0.000 0.000
1.722 0.742 0.003 173723.306 0.000 0.000 0.000
1.716 0.740 0.002 173731.643 0.000 0.000 0.000
1.708 0.739 0.005 173739.979 0.000 0.000 0.000
1.702 0.737 0.003 173748.315 0.000 0.000 0.000
1.702 0.737 0.002 173756.651 0.000 0.000 0.000
1.422 0.682 0.003 174081.765 0.000 0.000 0.000
1.412 0.681 0.002 174090.101 0.000 0.000 0.000
1.408 0.679 0.001 174098.438 0.000 0.000 0.000
1.399 0.679 0.002 174106.774 0.000 0.000 0.000
1.394 0.677 0.001 174115.110 0.000 0.000 0.000
1.386 0.676 0.002 174123.446 0.000 0.000 0.000
1.381 0.674 0.001 174131.783 0.000 0.000 0.000
1.373 0.674 0.003 174140.119 0.000 0.000 0.000
1.365 0.673 0.004 174148.455 0.000 0.000 0.000
1.360 0.671 0.003 174156.791 0.000 0.000 0.000
1.352 0.671 0.004 174165.128 0.000 0.000 0.000
1.346 0.669 0.002 174173.464 0.000 0.000 0.000
1.339 0.668 0.004 174181.800 0.000 0.000 0.000
1.333 0.666 0.002 174190.136 0.000 0.000 0.000
1.325 0.666 0.003 174198.472 0.000 0.000 0.000
1.320 0.664 0.001 174206.809 0.000 0.000 0.000
1.313 0.663 0.004 174215.145 0.000 0.000 0.000
1.304 0.659 0.003 174223.481 0.000 0.000 0.000
1.296 0.659 0.004 174231.818 0.000 0.000 0.000
1.292 0.657 0.003 174240.154 0.000 0.000 0.000
1.284 0.656 0.004 174248.490 0.000 0.000 0.000
1.279 0.654 0.003 174256.826 0.000 0.000 0.000
1.275 0.653 0.002 174265.162 0.000 0.000 0.000
1.270 0.651 0.001 174273.499 0.000 0.000 0.000
1.262 0.650 0.002 174281.835 0.000 0.000 0.000
1.255 0.650 0.004 174290.171 0.000 0.000 0.000
1.246 0.649 0.003 174298.508 0.000 0.000 0.000
1.242 0.647 0.002 174306.844 0.000 0.000 0.000
1.234 0.647 0.003 174315.180 0.000 0.000 0.000
1.229 0.645 0.002 174323.516 0.000 0.000 0.000
1.222 0.644 0.003 174331.852 0.000 0.000 0.000
1.210 0.642 0.004 174340.189 0.000 0.000 0.000
1.206 0.640 0.005 174348.525 0.000 0.000 0.000
1.202 0.638 0.004 174356.861 0.000 0.000 0.000
1.193 0.638 0.003 174365.198 0.000 0.000 0.000
1.189 0.636 0.002 174373.534 0.000 0.000 0.000
1.181 0.636 0.003 174381.870 0.000 0.000 0.000
1.174 0.635 0.004 174390.206 0.000 0.000 0.000
1.170 0.633 0.003 174398.542 0.000 0.000 0.000
1.165 0.631 0.002 174406.879 0.000 0.000 0.000
1.160 0.630 -0.000 174415.215 0.000 0.000 0.000
1.153 0.629 0.002 174423.551 0.000 0.000 0.000
1.147 0.625 0.004 174431.888 0.000 0.000 0.000
1.142 0.627 0.003 174440.224 0.000 0.000 0.000
1.132 0.624 0.006 174448.560 0.000 0.000 0.000
1.124 0.624 0.005 174456.896 0.000 0.000 0.000
1.120 0.622 0.005 174465.232 0.000 0.000 0.000
1.112 0.622 0.006 174473.569 0.000 0.000 0.000
1.108 0.620 0.004 174481.905 0.000 0.000 0.000
1.101 0.619 0.006 174490.241 0.000 0.000 0.000
1.097 0.618 0.005 174498.578 0.000 0.000 0.000
1.089 0.617 0.005 174506.914 0.000 0.000 0.000
1.082 0.614 0.005 174515.250 0.000 0.000 0.000
1.074 0.613 0.006 174523.586 0.000 0.000 0.000
1.070 0.611 0.005 174531.922 0.000 0.000 0.000
1.063 0.611 0.006 174540.259 0.000 0.000 0.000
1.059 0.609 0.004 174548.595 0.000 0.000 0.000
1.051 0.609 0.005 174556.931 0.000 0.000 0.000
1.047 0.607 0.002 174565.268 0.000 0.000 0.000
1.043 0.605 0.003 174573.604 0.000 0.000 0.000
1.036 0.605 0.002 174581.940 0.000 0.000 0.000
1.033 0.603 0.004 174590.276 0.000 0.000 0.000
1.026 0.603 0.005 174598.612 0.000 0.000 0.000
1.018 0.602 0.004 174606.949 0.000 0.000 0.000
1.008 0.600 0.007 174615.285 0.000 0.000 0.000
1.004 0.598 0.006 174623.621 0.000 0.000 0.000
0.996 0.598 0.006 174631.958 0.000 0.000 0.000
0.993 0.596 0.004 174640.294 0.000 0.000 0.000
0.985 0.596 0.004 174648.630 0.000 0.000 0.000
0.981 0.594 0.003 174656.966 0.000 0.000 0.000
0.974 0.594 0.004 174665.302 0.000 0.000 0.000
0.968 0.590 0.005 174673.639 0.000 0.000 0.000
0.961 0.590 0.005 174681.975 0.000 0.000 0.000
0.956 0.588 0.003 174690.311 0.000 0.000 0.000
0.949 0.588 0.004 174698.648 0.000 0.000 0.000
0.945 0.586 0.003 174706.984 0.000 0.000 0.000
0.939 0.586 0.004 174715.320 0.000 0.000 0.000
0.931 0.582 0.002 174723.656 0.000 0.000 0.000
0.924 0.582 0.003 174731.992 0.000 0.000 0.000
0.918 0.581 0.005 174740.329 0.000 0.000 0.000
0.917 0.579 0.001 174748.665 0.000 0.000 0.000
0.911 0.578 0.003 174757.001 0.000 0.000 0.000
0.904 0.578 0.004 174765.338 0.000 0.000 0.000
0.897 0.577 0.005 174773.674 0.000 0.000 0.000
0.890 0.574 0.004 174782.010 0.000 0.000 0.000
0.883 0.574 0.004 174790.346 0.000 0.000 0.000
0.879 0.572 0.003 174798.683 0.000 0.000 0.000
0.873 0.572 0.004 174807.019 0.000 0.000 0.000
0.866 0.571 0.005 174815.355 0.000 0.000 0.000
0.859 0.568 0.004 174823.691 0.000 0.000 0.000
0.853 0.568 0.005 174832.028 0.000 0.000 0.000
0.849 0.566 0.004 174840.364 0.000 0.000 0.000
0.842 0.566 0.003 174848.700 0.000 0.000 0.000
0.839 0.564 0.002 174857.036 0.000 0.000 0.000
0.829 0.562 0.004 174865.373 0.000 0.000 0.000
0.823 0.562 0.004 174873.709 0.000 0.000 0.000
0.819 0.560 0.004 174882.045 0.000 0.000 0.000
0.812 0.560 0.003 174890.381 0.000 0.000 0.000
0.808 0.558 0.001 174898.718 0.000 0.000 0.000
0.802 0.555 0.003 174907.054 0.000 0.000 0.000
0.798 0.553 0.001 174915.390 0.000 0.000 0.000
0.793 0.553 0.003 174923.726 0.000 0.000 0.000
0.786 0.552 0.004 174932.063 0.000 0.000 0.000
0.780 0.552 0.004 174940.399 0.000 0.000 0.000
0.774 0.549 0.004 174948.735 0.000 0.000 0.000
0.767 0.549 0.003 174957.071 0.000 0.000 0.000
0.761 0.548 0.004 174965.408 0.000 0.000 0.000
0.757 0.547 0.002 174973.744 0.000 0.000 0.000
0.748 0.545 0.004 174982.080 0.000 0.000 0.000
0.742 0.544 0.005 174990.416 0.000 0.000 0.000
0.739 0.543 0.004 174998.753 0.000 0.000 0.000
0.731 0.543 0.003 175007.089 0.000 0.000 0.000
0.728 0.541 0.002 175015.425 0.000 0.000 0.000
0.720 0.539 0.004 175023.761 0.000 0.000 0.000
0.716 0.537 0.002 175032.097 0.000 0.000 0.000
0.710 0.537 0.003 175040.434 0.000 0.000 0.000
0.701 0.535 0.005 175048.770 0.000 0.000 0.000
0.698 0.534 0.003 175057.106 0.000 0.000 0.000
0.691 0.533 0.003 175065.443 0.000 0.000 0.000
0.688 0.532 0.002 175073.779 0.000 0.000 0.000
0.681 0.531 0.002 175082.115 0.000 0.000 0.000
0.679 0.527 0.002 175090.451 0.000 0.000 0.000
0.672 0.527 0.001 175098.787 0.000 0.000 0.000
0.664 0.528 0.004 175107.124 0.000 0.000 0.000
0.660 0.526 0.003 175115.460 0.000 0.000 0.000
0.652 0.524 0.005 175123.796 0.000 0.000 0.000
0.646 0.524 0.004 175132.133 0.000 0.000 0.000
0.642 0.523 0.003 175140.469 0.000 0.000 0.000
0.634 0.521 0.005 175148.805 0.000 0.000 0.000
0.628 0.520 0.005 175157.141 0.000 0.000 0.000
0.625 0.519 0.004 175165.477 0.000 0.000 0.000
0.619 0.519 0.005 175173.814 0.000 0.000 0.000
0.613 0.516 0.003 175182.150 0.000 0.000 0.000
0.607 0.515 0.004 175190.486 0.000 0.000 0.000
0.604 0.514 0.003 175198.823 0.000 0.000 0.000
0.598 0.513 0.002 175207.159 0.000 0.000 0.000
0.590 0.512 0.005 175215.495 0.000 0.000 0.000
0.587 0.510 0.004 175223.831 0.000 0.000 0.000
0.580 0.510 0.002 175232.167 0.000 0.000 0.000
0.575 0.507 0.003 175240.504 0.000 0.000 0.000
0.569 0.507 0.003 175248.840 0.000 0.000 0.000
0.565 0.505 0.002 175257.176 0.000 0.000 0.000
0.560 0.502 0.002 175265.513 0.000 0.000 0.000
0.555 0.502 0.003 175273.849 0.000 0.000 0.000
0.548 0.502 0.002 175282.185 0.000 0.000 0.000
0.543 0.501 0.004 175290.521 0.000 0.000 0.000
0.536 0.499 0.006 175298.857 0.000 0.000 0.000
0.532 0.498 0.004 175307.194 0.000 0.000 0.000
0.526 0.498 0.003 175315.530 0.000 0.000 0.000
0.519 0.496 0.006 175323.866 0.000 0.000 0.000
0.515 0.495 0.003 175332.203 0.000 0.000 0.000
0.509 0.494 0.003 175340.539 0.000 0.000 0.000
0.501 0.493 0.004 175348.875 0.000 0.000 0.000
0.498 0.491 0.004 175357.211 0.000 0.000 0.000
0.493 0.491 0.004 175365.547 0.000 0.000 0.000
0.488 0.488 0.004 175373.884 0.000 0.000 0.000
0.482 0.488 0.003 175382.220 0.000 0.000 0.000
0.476 0.487 0.003 175390.556 0.000 0.000 0.000
0.471 0.485 0.004 175398.893 0.000 0.000 0.000
0.466 0.484 0.003 175407.229 0.000 0.000 0.000
0.460 0.484 0.003 175415.565 0.000 0.000 0.000
0.455 0.481 0.004 175423.901 0.000 0.000 0.000
0.450 0.481 0.004 175432.237 0.000 0.000 0.000
0.447 0.480 0.004 175440.574 0.000 0.000 0.000
0.442 0.477 0.005 175448.910 0.000 0.000 0.000
0.438 0.477 0.007 175457.246 0.000 0.000 0.000
0.433 0.477 0.006 175465.583 0.000 0.000 0.000
0.426 0.475 0.008 175473.919 0.000 0.000 0.000
0.421 0.475 0.009 175482.255 0.000 0.000 0.000
0.418 0.473 0.009 175490.591 0.000 0.000 0.000
0.411 0.472 0.011 175498.927 0.000 0.000 0.000
0.406 0.472 0.011 175507.264 0.000 0.000 0.000
0.402 0.469 0.013 175515.600 0.000 0.000 0.000
