1.761 0.506 0.287 163387.827 0.000 0.000 0.000
1.779 0.509 0.305 163396.163 0.000 0.000 0.000
1.792 0.510 0.323 163404.499 0.000 0.000 0.000
1.813 0.512 0.337 163412.836 0.000 0.000 0.000
1.829 0.515 0.352 163421.172 0.000 0.000 0.000
1.842 0.516 0.370 163429.508 0.000 0.000 0.000
1.863 0.518 0.383 163437.844 0.000 0.000 0.000
1.879 0.521 0.397 163446.181 0.000 0.000 0.000
1.891 0.522 0.412 163454.517 0.000 0.000 0.000
1.911 0.524 0.422 163462.853 0.000 0.000 0.000
1.926 0.528 0.435 163471.189 0.000 0.000 0.000
1.945 0.530 0.442 163479.526 0.000 0.000 0.000
1.961 0.530 0.454 163487.862 0.000 0.000 0.000
1.976 0.533 0.464 163496.198 0.000 0.000 0.000
1.995 0.535 0.471 163504.534 0.000 0.000 0.000
2.009 0.539 0.481 163512.871 0.000 0.000 0.000
2.023 0.539 0.487 163521.207 0.000 0.000 0.000
2.041 0.541 0.492 163529.543 0.000 0.000 0.000
2.059 0.543 0.497 163537.879 0.000 0.000 0.000
2.078 0.546 0.502 163546.216 0.000 0.000 0.000
2.091 0.549 0.506 163554.552 0.000 0.000 0.000
2.104 0.550 0.511 163562.888 0.000 0.000 0.000
2.117 0.553 0.516 163571.224 0.000 0.000 0.000
2.139 0.554 0.515 163579.561 0.000 0.000 0.000
2.156 0.557 0.515 163587.897 0.000 0.000 0.000
2.168 0.557 0.519 163596.233 0.000 0.000 0.000
2.185 0.560 0.517 163604.569 0.000 0.000 0.000
2.201 0.563 0.516 163612.906 0.000 0.000 0.000
2.218 0.565 0.515 163621.242 0.000 0.000 0.000
2.229 0.566 0.513 163629.578 0.000 0.000 0.000
2.240 0.566 0.510 163637.914 0.000 0.000 0.000
2.262 0.567 0.506 163646.251 0.000 0.000 0.000
2.272 0.572 0.503 163654.587 0.000 0.000 0.000
2.288 0.571 0.497 163662.923 0.000 0.000 0.000
2.303 0.574 0.492 163671.259 0.000 0.000 0.000
2.323 0.579 0.483 163679.596 0.000 0.000 0.000
2.339 0.582 0.476 163687.932 0.000 0.000 0.000
2.354 0.581 0.468 163696.268 0.000 0.000 0.000
2.369 0.584 0.460 163704.604 0.000 0.000 0.000
2.385 0.587 0.454 163712.941 0.000 0.000 0.000
2.400 0.587 0.445 163721.277 0.000 0.000 0.000
2.414 0.590 0.435 163729.613 0.000 0.000 0.000
2.429 0.593 0.425 163737.949 0.000 0.000 0.000
2.444 0.596 0.413 163746.286 0.000 0.000 0.000
2.458 0.596 0.401 163754.622 0.000 0.000 0.000
2.479 0.597 0.388 163762.958 0.000 0.000 0.000
2.487 0.598 0.375 163771.294 0.000 0.000 0.000
2.500 0.602 0.360 163779.631 0.000 0.000 0.000
2.515 0.601 0.347 163787.967 0.000 0.000 0.000
2.565 0.596 0.330 163796.303 0.000 0.000 0.000
2.672 0.577 0.302 163804.639 0.000 0.000 0.000
2.756 0.560 0.284 163812.976 0.000 0.000 0.000
2.892 0.533 0.256 163821.312 0.000 0.000 0.000
2.773 0.566 0.254 163829.648 0.000 0.000 0.000
2.902 0.541 0.226 163837.984 0.000 0.000 0.000
2.819 0.569 0.219 163846.321 0.000 0.000 0.000
2.835 0.569 0.203 163854.657 0.000 0.000 0.000
2.841 0.574 0.182 163862.993 0.000 0.000 0.000
2.960 0.548 0.162 163871.329 0.000 0.000 0.000
2.865 0.579 0.147 163879.666 0.000 0.000 0.000
2.865 0.582 0.128 163888.002 0.000 0.000 0.000
2.897 0.578 0.110 163896.338 0.000 0.000 0.000
2.916 0.581 0.100 163904.674 0.000 0.000 0.000
2.949 0.582 0.102 163913.011 0.000 0.000 0.000
2.947 0.588 0.111 163921.347 0.000 0.000 0.000
2.968 0.588 0.122 163929.683 0.000 0.000 0.000
2.980 0.590 0.131 163938.019 0.000 0.000 0.000
2.990 0.597 0.135 163946.356 0.000 0.000 0.000
3.011 0.597 0.145 163954.692 0.000 0.000 0.000
3.047 0.598 0.151 163963.028 0.000 0.000 0.000
3.160 0.577 0.151 163971.364 0.000 0.000 0.000
3.061 0.605 0.163 163979.701 0.000 0.000 0.000
3.079 0.606 0.166 163988.037 0.000 0.000 0.000
3.099 0.610 0.173 163996.373 0.000 0.000 0.000
3.126 0.609 0.175 164004.709 0.000 0.000 0.000
3.152 0.612 0.176 164013.046 0.000 0.000 0.000
3.154 0.616 0.181 164021.382 0.000 0.000 0.000
3.154 0.621 0.183 164029.718 0.000 0.000 0.000
3.288 0.596 0.173 164038.054 0.000 0.000 0.000
3.199 0.621 0.182 164046.391 0.000 0.000 0.000
3.235 0.622 0.185 164054.727 0.000 0.000 0.000
3.236 0.626 0.187 164063.063 0.000 0.000 0.000
3.362 0.603 0.176 164071.399 0.000 0.000 0.000
3.278 0.631 0.181 164079.736 0.000 0.000 0.000
3.306 0.629 0.180 164088.072 0.000 0.000 0.000
3.314 0.632 0.180 164096.408 0.000 0.000 0.000
3.434 0.611 0.165 164104.744 0.000 0.000 0.000
3.347 0.639 0.170 164113.081 0.000 0.000 0.000
3.354 0.642 0.166 164121.417 0.000 0.000 0.000
3.425 0.645 0.152 164146.426 0.000 0.000 0.000
3.421 0.650 0.144 164154.762 0.000 0.000 0.000
3.437 0.651 0.137 164163.098 0.000 0.000 0.000
3.444 0.654 0.133 164171.434 0.000 0.000 0.000
3.508 0.663 0.100 164204.779 0.000 0.000 0.000
3.513 0.666 0.087 164213.116 0.000 0.000 0.000
