1.893 0.545 0.471 10658.155 1.988 0.222 1.682
1.910 0.547 0.482 10666.492 1.887 0.237 1.412
1.926 0.549 0.494 10674.828 1.735 0.219 1.345
1.940 0.551 0.505 10683.164 1.708 0.236 1.286
1.953 0.553 0.515 10691.501 1.676 0.240 1.198
1.966 0.555 0.525 10699.837 1.636 0.233 1.089
1.982 0.557 0.533 10708.173 1.641 0.228 1.016
1.995 0.559 0.541 10716.510 1.688 0.222 0.937
2.007 0.561 0.549 10724.846 1.703 0.215 0.858
2.022 0.562 0.556 10733.182 1.758 0.183 0.759
2.038 0.564 0.562 10741.519 1.789 0.231 0.697
2.054 0.566 0.567 10749.854 1.770 0.218 0.590
2.067 0.568 0.572 10758.190 1.684 0.216 0.509
2.080 0.570 0.576 10766.527 1.628 0.193 0.429
2.094 0.571 0.579 10774.863 1.718 0.201 0.355
2.109 0.573 0.581 10783.199 1.733 0.157 0.260
2.124 0.574 0.583 10791.535 1.758 0.180 0.156
2.139 0.575 0.584 10799.872 1.575 0.191 0.079
2.152 0.577 0.585 10808.208 1.445 0.199 -0.007
2.162 0.579 0.584 10816.544 1.374 0.201 -0.110
2.173 0.581 0.582 10824.881 1.368 0.202 -0.167
2.183 0.582 0.581 10833.217 1.431 0.198 -0.215
2.197 0.584 0.579 10841.553 1.650 0.162 -0.294
2.219 0.586 0.575 10854.058 1.654 0.177 -0.385
2.239 0.587 0.570 10866.562 1.639 0.185 -0.497
2.260 0.589 0.563 10879.066 1.683 0.248 -0.647
2.278 0.593 0.555 10891.570 1.807 0.298 -0.811
2.302 0.598 0.543 10904.075 1.811 0.291 -0.938
2.335 0.603 0.525 10920.747 1.765 0.272 -1.096
2.354 0.605 0.513 10933.252 1.602 0.190 -1.158
2.371 0.607 0.497 10945.756 1.545 0.184 -1.276
2.389 0.609 0.480 10958.261 1.566 0.234 -1.372
2.410 0.612 0.462 10970.765 1.727 0.269 -1.494
2.433 0.616 0.442 10983.270 1.823 0.254 -1.629
2.447 0.618 0.430 10991.605 1.697 0.226 -1.662
2.463 0.620 0.414 10999.941 1.648 0.222 -1.779
2.477 0.621 0.399 11008.278 1.504 0.166 -1.867
2.487 0.623 0.384 11016.614 1.354 0.190 -1.938
2.497 0.625 0.367 11024.950 1.370 0.186 -2.021
2.508 0.625 0.349 11033.287 1.424 0.187 -2.097
2.521 0.627 0.331 11041.623 1.636 0.230 -2.190
2.535 0.630 0.314 11049.959 1.786 0.273 -2.322
2.547 0.633 0.294 11058.296 2.544 0.010 -2.445
2.561 0.635 0.273 11066.632 5.198 -0.619 -2.634
2.617 0.626 0.249 11074.968 7.185 -1.179 -2.710
2.702 0.610 0.225 11083.305 7.734 -1.384 -2.632
2.785 0.593 0.204 11091.641 6.958 -1.169 -2.518
2.838 0.586 0.184 11099.977 4.591 -0.547 -2.446
2.842 0.589 0.165 11108.313 2.297 0.012 -2.329
2.864 0.592 0.133 11120.817 1.278 0.166 -1.545
2.878 0.594 0.118 11133.322 0.787 0.152 -0.653
2.887 0.593 0.119 11145.826 0.155 0.142 0.400
2.879 0.595 0.138 11158.331 -0.166 0.223 1.082
2.869 0.599 0.157 11170.835 -0.147 0.245 1.319
2.866 0.603 0.178 11183.340 -0.040 0.248 1.426
2.856 0.608 0.190 11191.676 2.320 -0.351 1.101
2.901 0.599 0.195 11200.012 1.543 -0.227 1.045
2.919 0.594 0.203 11208.348 0.591 -0.001 1.049
2.919 0.596 0.213 11216.685 -0.032 0.189 1.065
2.906 0.601 0.222 11225.021 -0.802 0.385 1.046
2.872 0.611 0.233 11233.356 -1.708 0.653 1.059
2.887 0.609 0.239 11241.693 0.670 0.075 0.706
2.881 0.612 0.246 11250.029 2.514 -0.421 0.385
2.909 0.607 0.248 11258.365 3.890 -0.692 0.128
2.962 0.597 0.245 11266.702 4.520 -0.830 0.024
3.031 0.582 0.242 11275.038 1.189 -0.114 0.444
3.012 0.589 0.250 11283.374 0.434 0.052 0.476
2.987 0.595 0.257 11291.711 -2.806 0.829 0.844
2.951 0.605 0.265 11300.047 -3.160 0.872 0.793
2.926 0.612 0.271 11308.383 -2.447 0.709 0.610
2.919 0.615 0.274 11316.720 1.449 -0.206 0.017
2.917 0.617 0.276 11325.056 -0.279 0.148 0.255
2.952 0.608 0.272 11333.392 1.181 -0.192 -0.018
2.952 0.609 0.274 11341.729 2.011 -0.346 -0.239
2.977 0.604 0.271 11350.064 -0.008 0.198 -0.014
2.931 0.621 0.274 11373.684 -0.996 0.452 -0.063
3.001 0.610 0.256 11397.303 0.786 0.038 -0.515
2.936 0.629 0.254 11420.923 0.476 0.082 -0.619
2.996 0.619 0.237 11444.542 0.051 0.189 -0.819
3.024 0.618 0.210 11468.161 -1.488 0.526 -0.890
2.957 0.638 0.190 11491.780 0.282 0.137 -1.236
2.996 0.630 0.175 11500.117 0.821 -0.026 -1.340
2.966 0.639 0.168 11508.453 1.196 -0.083 -1.368
3.028 0.625 0.152 11516.789 1.581 -0.141 -1.476
3.038 0.626 0.140 11525.126 0.146 0.202 -1.420
3.003 0.636 0.131 11533.462 -2.246 0.756 -1.297
2.998 0.639 0.118 11541.798 -1.085 0.475 -1.449
2.955 0.651 0.108 11550.135 -1.677 0.593 -1.296
2.965 0.650 0.094 11558.471 2.541 -0.426 -1.133
3.003 0.643 0.084 11566.807 1.754 -0.230 -0.498
3.021 0.639 0.083 11575.144 3.018 -0.505 -0.011
3.061 0.632 0.087 11583.479 1.177 0.036 0.519
3.061 0.635 0.095 11591.815 -1.274 0.611 0.921
3.019 0.648 0.104 11600.152 -2.410 0.954 0.952
3.006 0.655 0.111 11608.488 -0.957 0.582 0.904
2.976 0.664 0.122 11616.824 -1.331 0.639 0.830
2.985 0.664 0.127 11625.160 2.980 -0.403 0.413
3.040 0.655 0.127 11633.497 2.135 -0.240 0.336
3.057 0.652 0.129 11641.833 0.664 0.073 0.396
3.058 0.654 0.132 11650.169 -0.588 0.350 0.442
3.034 0.660 0.138 11658.506 -1.132 0.484 0.520
2.996 0.672 0.144 11666.842 -1.627 0.625 0.469
3.016 0.669 0.145 11675.178 0.643 0.154 0.279
3.023 0.670 0.147 11683.515 0.513 0.137 0.237
3.030 0.671 0.149 11691.851 0.747 0.127 0.178
3.020 0.675 0.152 11700.187 2.286 -0.258 -0.054
3.059 0.669 0.149 11708.523 1.340 -0.011 -0.074
3.079 0.667 0.147 11716.859 0.851 0.052 -0.110
3.068 0.673 0.147 11734.921 -0.517 0.367 -0.150
3.016 0.688 0.147 11752.983 -2.392 0.749 -0.167
2.883 0.723 0.150 11771.045 -2.945 0.885 -0.318
2.859 0.731 0.139 11789.106 -1.654 0.613 -0.639
2.833 0.742 0.125 11807.169 -0.602 0.352 -0.881
2.840 0.745 0.105 11825.230 0.396 0.143 -1.142
2.841 0.746 0.097 11833.566 0.410 0.168 -1.193
2.846 0.748 0.085 11841.903 0.424 0.178 -1.244
2.848 0.749 0.076 11850.239 0.426 0.176 -1.316
2.854 0.751 0.063 11858.575 0.576 0.202 -1.355
2.874 0.757 0.020 11894.699 0.518 0.174 -0.978
2.890 0.764 -0.011 11930.823 0.425 0.175 -0.587
2.925 0.772 -0.034 11966.947 0.347 0.163 -0.134
2.924 0.775 -0.016 12005.850 0.176 0.161 0.321
2.926 0.782 0.006 12044.752 0.071 0.147 0.718
2.922 0.787 0.047 12083.654 -0.012 0.164 1.066
2.925 0.789 0.057 12094.770 0.019 0.187 0.970
2.927 0.794 0.077 12118.389 0.099 0.181 0.731
2.931 0.801 0.099 12158.681 0.130 0.179 0.345
2.937 0.808 0.106 12196.193 0.157 0.173 -0.029
2.944 0.814 0.098 12233.707 0.180 0.167 -0.409
