1.685 0.419 0.330 485899.196 0.000 0.000 0.000
1.702 0.422 0.346 485907.532 0.000 0.000 0.000
1.719 0.421 0.363 485915.869 0.000 0.000 0.000
1.735 0.424 0.377 485924.205 0.000 0.000 0.000
1.770 0.421 0.388 485932.541 0.000 0.000 0.000
1.873 0.395 0.397 485940.878 0.000 0.000 0.000
1.938 0.381 0.402 485949.214 0.000 0.000 0.000
1.943 0.384 0.414 485957.550 0.000 0.000 0.000
1.968 0.384 0.422 485965.886 0.000 0.000 0.000
1.982 0.387 0.429 485974.223 0.000 0.000 0.000
1.991 0.393 0.439 485982.559 0.000 0.000 0.000
2.020 0.391 0.443 485990.895 0.000 0.000 0.000
2.023 0.398 0.451 485999.231 0.000 0.000 0.000
2.052 0.393 0.454 486007.568 0.000 0.000 0.000
2.054 0.400 0.461 486015.904 0.000 0.000 0.000
2.072 0.402 0.464 486024.240 0.000 0.000 0.000
2.091 0.404 0.469 486032.576 0.000 0.000 0.000
2.107 0.406 0.469 486040.912 0.000 0.000 0.000
2.120 0.406 0.474 486049.249 0.000 0.000 0.000
2.138 0.408 0.476 486057.585 0.000 0.000 0.000
2.150 0.412 0.477 486065.921 0.000 0.000 0.000
2.167 0.414 0.478 486074.258 0.000 0.000 0.000
2.183 0.416 0.476 486082.594 0.000 0.000 0.000
2.190 0.418 0.478 486090.930 0.000 0.000 0.000
2.222 0.419 0.472 486099.266 0.000 0.000 0.000
2.229 0.421 0.473 486107.603 0.000 0.000 0.000
2.245 0.423 0.471 486115.939 0.000 0.000 0.000
2.256 0.427 0.469 486124.275 0.000 0.000 0.000
2.278 0.428 0.464 486132.611 0.000 0.000 0.000
2.294 0.430 0.460 486140.948 0.000 0.000 0.000
2.316 0.431 0.453 486149.284 0.000 0.000 0.000
2.315 0.435 0.451 486157.620 0.000 0.000 0.000
2.337 0.435 0.443 486165.956 0.000 0.000 0.000
2.352 0.438 0.437 486174.292 0.000 0.000 0.000
2.369 0.440 0.430 486182.629 0.000 0.000 0.000
2.384 0.443 0.422 486190.965 0.000 0.000 0.000
2.395 0.443 0.417 486199.301 0.000 0.000 0.000
2.404 0.448 0.408 486207.638 0.000 0.000 0.000
2.425 0.449 0.398 486215.974 0.000 0.000 0.000
2.435 0.453 0.389 486224.310 0.000 0.000 0.000
2.444 0.454 0.381 486232.646 0.000 0.000 0.000
2.454 0.458 0.370 486240.983 0.000 0.000 0.000
2.474 0.459 0.356 486249.319 0.000 0.000 0.000
2.490 0.462 0.346 486257.655 0.000 0.000 0.000
2.486 0.466 0.337 486265.991 0.000 0.000 0.000
2.515 0.465 0.324 486274.328 0.000 0.000 0.000
2.523 0.470 0.312 486282.664 0.000 0.000 0.000
2.532 0.471 0.299 486291.000 0.000 0.000 0.000
2.546 0.473 0.283 486299.336 0.000 0.000 0.000
2.566 0.475 0.266 486307.672 0.000 0.000 0.000
2.569 0.477 0.255 486316.009 0.000 0.000 0.000
2.590 0.478 0.238 486324.345 0.000 0.000 0.000
2.605 0.481 0.223 486332.681 0.000 0.000 0.000
2.605 0.484 0.207 486341.017 0.000 0.000 0.000
2.619 0.487 0.188 486349.354 0.000 0.000 0.000
2.635 0.486 0.175 486357.690 0.000 0.000 0.000
2.641 0.491 0.156 486366.026 0.000 0.000 0.000
2.653 0.492 0.148 486374.362 0.000 0.000 0.000
2.645 0.494 0.149 486382.699 0.000 0.000 0.000
2.653 0.492 0.148 486391.035 0.000 0.000 0.000
2.661 0.494 0.151 486399.371 0.000 0.000 0.000
2.655 0.496 0.154 486407.708 0.000 0.000 0.000
2.661 0.498 0.152 486416.044 0.000 0.000 0.000
2.662 0.498 0.153 486424.380 0.000 0.000 0.000
2.655 0.500 0.154 486432.716 0.000 0.000 0.000
