3.322 0.731 0.201 361948.966 0.000 0.000 0.000
2.995 0.787 0.248 361965.638 0.000 0.000 0.000
3.416 0.690 0.179 361998.983 0.000 0.000 0.000
3.229 0.705 0.209 362040.664 0.000 0.000 0.000
3.206 0.692 0.212 362065.673 0.000 0.000 0.000
2.802 0.557 0.232 362382.451 0.000 0.000 0.000
2.779 0.555 0.229 362390.787 0.000 0.000 0.000
2.800 0.545 0.226 362399.123 0.000 0.000 0.000
2.769 0.549 0.224 362407.459 0.000 0.000 0.000
2.881 0.515 0.214 362415.796 0.000 0.000 0.000
2.768 0.540 0.220 362424.132 0.000 0.000 0.000
2.751 0.540 0.216 362432.468 0.000 0.000 0.000
2.758 0.534 0.214 362440.804 0.000 0.000 0.000
2.742 0.534 0.211 362449.141 0.000 0.000 0.000
2.741 0.530 0.209 362457.477 0.000 0.000 0.000
2.741 0.521 0.207 362465.813 0.000 0.000 0.000
2.753 0.517 0.203 362474.149 0.000 0.000 0.000
2.745 0.515 0.201 362482.486 0.000 0.000 0.000
2.722 0.517 0.198 362490.822 0.000 0.000 0.000
2.699 0.519 0.196 362499.158 0.000 0.000 0.000
2.806 0.485 0.191 362507.494 0.000 0.000 0.000
2.696 0.511 0.190 362515.831 0.000 0.000 0.000
2.710 0.502 0.187 362524.167 0.000 0.000 0.000
2.686 0.504 0.183 362532.503 0.000 0.000 0.000
2.677 0.507 0.180 362540.839 0.000 0.000 0.000
2.676 0.503 0.176 362549.176 0.000 0.000 0.000
2.775 0.470 0.177 362557.512 0.000 0.000 0.000
2.674 0.494 0.174 362565.848 0.000 0.000 0.000
2.658 0.498 0.169 362574.184 0.000 0.000 0.000
2.678 0.493 0.164 362582.521 0.000 0.000 0.000
2.662 0.493 0.161 362590.857 0.000 0.000 0.000
2.661 0.493 0.160 362599.193 0.000 0.000 0.000
2.738 0.466 0.162 362607.529 0.000 0.000 0.000
2.665 0.487 0.154 362615.866 0.000 0.000 0.000
2.666 0.482 0.156 362624.202 0.000 0.000 0.000
2.648 0.487 0.147 362632.538 0.000 0.000 0.000
2.703 0.470 0.147 362640.874 0.000 0.000 0.000
2.640 0.485 0.144 362649.211 0.000 0.000 0.000
2.594 0.498 0.132 362657.547 0.000 0.000 0.000
2.472 0.528 0.111 362665.883 0.000 0.000 0.000
2.471 0.524 0.107 362674.219 0.000 0.000 0.000
2.469 0.524 0.106 362682.556 0.000 0.000 0.000
2.469 0.524 0.104 362690.892 0.000 0.000 0.000
2.468 0.524 0.100 362699.228 0.000 0.000 0.000
2.466 0.525 0.097 362707.564 0.000 0.000 0.000
2.472 0.523 0.092 362715.901 0.000 0.000 0.000
2.471 0.523 0.091 362724.237 0.000 0.000 0.000
2.463 0.521 0.089 362732.573 0.000 0.000 0.000
2.463 0.521 0.088 362740.909 0.000 0.000 0.000
2.462 0.521 0.086 362749.246 0.000 0.000 0.000
2.460 0.521 0.082 362757.582 0.000 0.000 0.000
2.460 0.521 0.082 362765.918 0.000 0.000 0.000
2.459 0.521 0.079 362774.254 0.000 0.000 0.000
2.459 0.521 0.079 362782.591 0.000 0.000 0.000
2.457 0.521 0.075 362790.927 0.000 0.000 0.000
2.457 0.525 0.076 362799.263 0.000 0.000 0.000
2.456 0.526 0.072 362807.599 0.000 0.000 0.000
2.456 0.526 0.072 362815.936 0.000 0.000 0.000
2.454 0.526 0.069 362824.272 0.000 0.000 0.000
2.454 0.526 0.069 362832.608 0.000 0.000 0.000
2.459 0.528 0.065 362840.944 0.000 0.000 0.000
2.458 0.528 0.063 362849.281 0.000 0.000 0.000
2.451 0.530 0.062 362857.617 0.000 0.000 0.000
2.457 0.532 0.060 362865.953 0.000 0.000 0.000
2.450 0.534 0.062 362874.289 0.000 0.000 0.000
2.455 0.537 0.056 362882.626 0.000 0.000 0.000
2.449 0.538 0.059 362890.962 0.000 0.000 0.000
2.453 0.541 0.053 362899.298 0.000 0.000 0.000
2.447 0.542 0.055 362907.634 0.000 0.000 0.000
2.457 0.547 0.049 362915.971 0.000 0.000 0.000
2.457 0.551 0.048 362924.307 0.000 0.000 0.000
2.451 0.553 0.050 362932.643 0.000 0.000 0.000
2.449 0.557 0.047 362940.979 0.000 0.000 0.000
2.448 0.561 0.047 362949.316 0.000 0.000 0.000
2.453 0.567 0.044 362957.652 0.000 0.000 0.000
2.447 0.569 0.046 362965.988 0.000 0.000 0.000
2.444 0.577 0.043 362974.324 0.000 0.000 0.000
2.444 0.454 0.066 366175.444 0.000 0.000 0.000
2.443 0.462 0.065 366183.781 0.000 0.000 0.000
2.442 0.470 0.063 366192.117 0.000 0.000 0.000
2.434 0.479 0.065 366200.453 0.000 0.000 0.000
2.446 0.488 0.058 366208.789 0.000 0.000 0.000
2.438 0.498 0.058 366217.126 0.000 0.000 0.000
2.443 0.508 0.056 366225.462 0.000 0.000 0.000
2.441 0.516 0.055 366233.798 0.000 0.000 0.000
2.441 0.524 0.053 366242.134 0.000 0.000 0.000
2.448 0.542 0.059 367175.794 0.000 0.000 0.000
2.443 0.532 0.061 367184.131 0.000 0.000 0.000
2.451 0.518 0.059 367192.467 0.000 0.000 0.000
2.452 0.510 0.059 367200.803 0.000 0.000 0.000
2.454 0.498 0.062 367209.139 0.000 0.000 0.000
2.461 0.488 0.061 367217.476 0.000 0.000 0.000
2.456 0.478 0.064 367225.812 0.000 0.000 0.000
2.445 0.461 0.070 367234.148 0.000 0.000 0.000
2.446 0.453 0.071 367242.484 0.000 0.000 0.000
2.454 0.443 0.072 367250.821 0.000 0.000 0.000
2.448 0.433 0.074 367259.157 0.000 0.000 0.000
2.456 0.423 0.075 367267.493 0.000 0.000 0.000
2.450 0.417 0.077 367275.829 0.000 0.000 0.000
2.457 0.407 0.078 367284.166 0.000 0.000 0.000
2.459 0.399 0.082 367292.502 0.000 0.000 0.000
2.460 0.391 0.083 367300.838 0.000 0.000 0.000
2.460 0.383 0.085 367309.174 0.000 0.000 0.000
2.466 0.377 0.082 367317.511 0.000 0.000 0.000
2.467 0.369 0.084 367325.847 0.000 0.000 0.000
2.462 0.362 0.089 367334.183 0.000 0.000 0.000
2.468 0.356 0.087 367342.519 0.000 0.000 0.000
2.469 0.352 0.088 367350.856 0.000 0.000 0.000
2.469 0.344 0.090 367359.192 0.000 0.000 0.000
2.470 0.340 0.092 367367.528 0.000 0.000 0.000
2.470 0.336 0.092 367375.864 0.000 0.000 0.000
2.472 0.332 0.097 367384.201 0.000 0.000 0.000
2.477 0.326 0.093 367392.537 0.000 0.000 0.000
2.471 0.324 0.097 367400.873 0.000 0.000 0.000
2.471 0.320 0.097 367409.209 0.000 0.000 0.000
2.478 0.318 0.096 367417.546 0.000 0.000 0.000
2.472 0.316 0.100 367425.882 0.000 0.000 0.000
2.472 0.312 0.099 367434.218 0.000 0.000 0.000
2.478 0.310 0.096 367442.554 0.000 0.000 0.000
2.472 0.308 0.100 367450.891 0.000 0.000 0.000
2.478 0.306 0.098 367459.227 0.000 0.000 0.000
2.473 0.304 0.102 367467.563 0.000 0.000 0.000
2.479 0.302 0.100 367475.899 0.000 0.000 0.000
