2.984 0.542 0.319 453.513 0.000 0.000 0.000
2.772 0.588 0.341 461.849 0.000 0.000 0.000
2.966 0.538 0.314 470.186 0.000 0.000 0.000
2.950 0.533 0.314 478.522 0.000 0.000 0.000
2.770 0.572 0.331 486.858 0.000 0.000 0.000
2.769 0.564 0.327 495.194 0.000 0.000 0.000
2.942 0.518 0.310 503.531 0.000 0.000 0.000
2.926 0.514 0.310 511.867 0.000 0.000 0.000
2.761 0.550 0.321 520.203 0.000 0.000 0.000
2.926 0.505 0.308 528.539 0.000 0.000 0.000
2.916 0.503 0.302 536.876 0.000 0.000 0.000
2.918 0.494 0.305 545.212 0.000 0.000 0.000
2.752 0.531 0.313 553.548 0.000 0.000 0.000
2.901 0.490 0.302 561.884 0.000 0.000 0.000
2.893 0.488 0.300 570.221 0.000 0.000 0.000
2.901 0.482 0.300 578.557 0.000 0.000 0.000
2.755 0.514 0.299 586.893 0.000 0.000 0.000
2.884 0.477 0.296 595.229 0.000 0.000 0.000
2.891 0.471 0.292 603.566 0.000 0.000 0.000
2.868 0.469 0.294 611.902 0.000 0.000 0.000
2.874 0.467 0.290 620.238 0.000 0.000 0.000
2.738 0.493 0.289 628.574 0.000 0.000 0.000
2.859 0.462 0.291 636.911 0.000 0.000 0.000
2.866 0.456 0.288 645.247 0.000 0.000 0.000
2.857 0.458 0.285 653.583 0.000 0.000 0.000
2.856 0.454 0.283 661.919 0.000 0.000 0.000
2.741 0.479 0.276 670.256 0.000 0.000 0.000
2.849 0.448 0.283 678.592 0.000 0.000 0.000
2.834 0.447 0.283 686.928 0.000 0.000 0.000
2.856 0.441 0.280 695.264 0.000 0.000 0.000
2.840 0.441 0.279 703.601 0.000 0.000 0.000
2.732 0.465 0.270 711.937 0.000 0.000 0.000
2.838 0.437 0.275 720.273 0.000 0.000 0.000
2.855 0.429 0.276 728.609 0.000 0.000 0.000
2.832 0.431 0.279 736.946 0.000 0.000 0.000
2.845 0.427 0.273 745.282 0.000 0.000 0.000
2.730 0.453 0.264 753.618 0.000 0.000 0.000
2.823 0.425 0.275 761.954 0.000 0.000 0.000
2.729 0.445 0.260 770.291 0.000 0.000 0.000
2.824 0.416 0.277 778.627 0.000 0.000 0.000
2.817 0.414 0.277 786.963 0.000 0.000 0.000
2.723 0.434 0.264 795.299 0.000 0.000 0.000
2.873 0.390 0.282 803.636 0.000 0.000 0.000
2.717 0.428 0.267 811.972 0.000 0.000 0.000
2.811 0.403 0.281 820.308 0.000 0.000 0.000
2.821 0.396 0.287 828.644 0.000 0.000 0.000
2.808 0.396 0.292 836.981 0.000 0.000 0.000
2.802 0.394 0.295 845.317 0.000 0.000 0.000
2.718 0.413 0.285 853.653 0.000 0.000 0.000
2.789 0.390 0.301 861.989 0.000 0.000 0.000
2.721 0.408 0.292 870.326 0.000 0.000 0.000
2.809 0.381 0.311 878.662 0.000 0.000 0.000
2.724 0.404 0.301 886.998 0.000 0.000 0.000
2.804 0.383 0.319 895.334 0.000 0.000 0.000
2.722 0.401 0.312 903.671 0.000 0.000 0.000
2.801 0.380 0.328 912.007 0.000 0.000 0.000
2.794 0.383 0.332 920.343 0.000 0.000 0.000
2.804 0.380 0.337 928.679 0.000 0.000 0.000
2.791 0.384 0.343 937.016 0.000 0.000 0.000
2.807 0.380 0.345 945.352 0.000 0.000 0.000
2.810 0.380 0.350 953.688 0.000 0.000 0.000
2.811 0.384 0.354 962.024 0.000 0.000 0.000
2.813 0.384 0.359 970.361 0.000 0.000 0.000
2.742 0.408 0.359 978.697 0.000 0.000 0.000
2.816 0.388 0.367 987.033 0.000 0.000 0.000
2.818 0.392 0.371 995.369 0.000 0.000 0.000
2.827 0.394 0.374 1003.706 0.000 0.000 0.000
2.828 0.398 0.378 1012.042 0.000 0.000 0.000
2.838 0.400 0.384 1020.378 0.000 0.000 0.000
2.839 0.404 0.387 1028.714 0.000 0.000 0.000
2.758 0.431 0.399 1037.051 0.000 0.000 0.000
2.865 0.410 0.395 1045.387 0.000 0.000 0.000
2.859 0.416 0.401 1053.723 0.000 0.000 0.000
2.876 0.421 0.404 1062.059 0.000 0.000 0.000
2.864 0.429 0.414 1070.396 0.000 0.000 0.000
2.901 0.431 0.410 1078.732 0.000 0.000 0.000
2.895 0.437 0.416 1087.068 0.000 0.000 0.000
2.802 0.470 0.436 1095.404 0.000 0.000 0.000
2.927 0.446 0.418 1103.741 0.000 0.000 0.000
2.935 0.452 0.418 1112.077 0.000 0.000 0.000
