1.251 0.446 0.407 3483.074 0.000 0.000 0.000
1.228 0.445 0.407 3491.410 0.000 0.000 0.000
1.209 0.443 0.406 3499.746 0.000 0.000 0.000
1.177 0.437 0.401 3508.083 0.000 0.000 0.000
1.157 0.435 0.396 3516.419 0.000 0.000 0.000
1.141 0.432 0.391 3524.755 0.000 0.000 0.000
1.122 0.430 0.389 3533.091 0.000 0.000 0.000
1.100 0.428 0.381 3541.427 0.000 0.000 0.000
1.080 0.426 0.375 3549.764 0.000 0.000 0.000
1.059 0.425 0.367 3558.100 0.000 0.000 0.000
1.041 0.425 0.359 3566.436 0.000 0.000 0.000
1.024 0.422 0.350 3574.773 0.000 0.000 0.000
1.004 0.420 0.344 3583.109 0.000 0.000 0.000
0.985 0.417 0.333 3591.445 0.000 0.000 0.000
0.967 0.417 0.321 3599.781 0.000 0.000 0.000
0.948 0.415 0.310 3608.117 0.000 0.000 0.000
0.929 0.412 0.297 3616.454 0.000 0.000 0.000
0.913 0.411 0.284 3624.790 0.000 0.000 0.000
0.892 0.409 0.274 3633.126 0.000 0.000 0.000
0.876 0.408 0.259 3641.463 0.000 0.000 0.000
0.856 0.406 0.244 3649.799 0.000 0.000 0.000
0.839 0.405 0.228 3658.135 0.000 0.000 0.000
0.819 0.402 0.212 3666.471 0.000 0.000 0.000
0.805 0.400 0.195 3674.807 0.000 0.000 0.000
0.789 0.399 0.179 3683.144 0.000 0.000 0.000
0.771 0.398 0.161 3691.480 0.000 0.000 0.000
0.753 0.395 0.142 3699.816 0.000 0.000 0.000
0.735 0.394 0.124 3708.153 0.000 0.000 0.000
0.717 0.393 0.104 3716.489 0.000 0.000 0.000
0.704 0.390 0.082 3724.825 0.000 0.000 0.000
0.686 0.389 0.063 3733.161 0.000 0.000 0.000
0.670 0.387 0.041 3741.497 0.000 0.000 0.000
0.651 0.386 0.020 3749.834 0.000 0.000 0.000
0.634 0.383 0.010 3758.170 0.000 0.000 0.000
0.605 0.376 0.029 3766.506 0.000 0.000 0.000
0.558 0.359 0.050 3774.843 0.000 0.000 0.000
0.475 0.330 0.070 3783.179 0.000 0.000 0.000
0.463 0.333 0.084 3791.515 0.000 0.000 0.000
0.454 0.338 0.098 3799.851 0.000 0.000 0.000
0.440 0.339 0.109 3808.188 0.000 0.000 0.000
0.428 0.342 0.121 3816.524 0.000 0.000 0.000
0.415 0.346 0.133 3824.860 0.000 0.000 0.000
0.405 0.348 0.144 3833.196 0.000 0.000 0.000
0.392 0.348 0.154 3841.532 0.000 0.000 0.000
0.382 0.353 0.164 3849.869 0.000 0.000 0.000
0.370 0.356 0.174 3858.205 0.000 0.000 0.000
0.357 0.357 0.182 3866.541 0.000 0.000 0.000
0.344 0.360 0.191 3874.878 0.000 0.000 0.000
0.333 0.362 0.198 3883.214 0.000 0.000 0.000
0.320 0.363 0.206 3891.550 0.000 0.000 0.000
0.308 0.366 0.215 3899.886 0.000 0.000 0.000
0.294 0.366 0.221 3908.222 0.000 0.000 0.000
0.281 0.370 0.227 3916.559 0.000 0.000 0.000
0.270 0.372 0.232 3924.895 0.000 0.000 0.000
0.259 0.374 0.237 3933.231 0.000 0.000 0.000
0.245 0.374 0.240 3941.568 0.000 0.000 0.000
0.233 0.376 0.243 3949.904 0.000 0.000 0.000
0.222 0.378 0.247 3958.240 0.000 0.000 0.000
0.209 0.379 0.251 3966.576 0.000 0.000 0.000
0.196 0.381 0.252 3974.912 0.000 0.000 0.000
0.182 0.381 0.254 3983.249 0.000 0.000 0.000
0.170 0.384 0.254 3991.585 0.000 0.000 0.000
0.158 0.384 0.252 3999.921 0.000 0.000 0.000
0.146 0.386 0.253 4008.258 0.000 0.000 0.000
0.133 0.387 0.255 4016.594 0.000 0.000 0.000
0.122 0.387 0.253 4024.930 0.000 0.000 0.000
0.107 0.388 0.253 4033.266 0.000 0.000 0.000
0.097 0.389 0.252 4041.603 0.000 0.000 0.000
0.087 0.390 0.251 4049.939 0.000 0.000 0.000
