1.700 0.540 0.235 10740.454 0.000 0.000 0.000
1.718 0.543 0.254 10748.790 0.000 0.000 0.000
1.736 0.542 0.272 10757.126 0.000 0.000 0.000
1.753 0.545 0.290 10765.463 0.000 0.000 0.000
1.767 0.546 0.310 10773.799 0.000 0.000 0.000
1.789 0.548 0.325 10782.135 0.000 0.000 0.000
1.805 0.548 0.339 10790.471 0.000 0.000 0.000
1.814 0.551 0.359 10798.807 0.000 0.000 0.000
1.834 0.553 0.371 10807.144 0.000 0.000 0.000
1.850 0.552 0.385 10815.480 0.000 0.000 0.000
1.866 0.556 0.399 10823.816 0.000 0.000 0.000
1.882 0.556 0.412 10832.153 0.000 0.000 0.000
1.902 0.557 0.423 10840.489 0.000 0.000 0.000
1.917 0.558 0.432 10848.825 0.000 0.000 0.000
1.932 0.561 0.442 10857.161 0.000 0.000 0.000
1.946 0.561 0.453 10865.497 0.000 0.000 0.000
1.965 0.563 0.459 10873.834 0.000 0.000 0.000
1.980 0.563 0.468 10882.170 0.000 0.000 0.000
1.999 0.565 0.476 10890.506 0.000 0.000 0.000
2.012 0.566 0.482 10898.843 0.000 0.000 0.000
2.029 0.568 0.484 10907.179 0.000 0.000 0.000
2.048 0.570 0.490 10915.515 0.000 0.000 0.000
2.061 0.571 0.495 10923.851 0.000 0.000 0.000
2.079 0.573 0.498 10932.188 0.000 0.000 0.000
2.091 0.573 0.502 10940.524 0.000 0.000 0.000
2.109 0.576 0.505 10948.860 0.000 0.000 0.000
2.121 0.576 0.507 10957.196 0.000 0.000 0.000
2.143 0.577 0.504 10965.532 0.000 0.000 0.000
2.160 0.580 0.504 10973.869 0.000 0.000 0.000
2.171 0.580 0.506 10982.205 0.000 0.000 0.000
2.188 0.583 0.505 10990.541 0.000 0.000 0.000
2.199 0.583 0.503 10998.878 0.000 0.000 0.000
2.215 0.586 0.500 11007.214 0.000 0.000 0.000
2.231 0.585 0.497 11015.550 0.000 0.000 0.000
2.252 0.587 0.491 11023.886 0.000 0.000 0.000
2.262 0.587 0.486 11032.223 0.000 0.000 0.000
2.278 0.590 0.482 11040.559 0.000 0.000 0.000
2.289 0.591 0.478 11048.895 0.000 0.000 0.000
2.309 0.593 0.469 11057.231 0.000 0.000 0.000
2.323 0.596 0.461 11065.568 0.000 0.000 0.000
2.340 0.595 0.456 11073.904 0.000 0.000 0.000
2.355 0.594 0.446 11082.240 0.000 0.000 0.000
2.368 0.597 0.434 11090.576 0.000 0.000 0.000
2.384 0.600 0.426 11098.913 0.000 0.000 0.000
2.398 0.600 0.414 11107.249 0.000 0.000 0.000
2.412 0.603 0.402 11115.585 0.000 0.000 0.000
2.426 0.603 0.390 11123.921 0.000 0.000 0.000
2.436 0.604 0.382 11132.258 0.000 0.000 0.000
2.456 0.605 0.368 11140.594 0.000 0.000 0.000
2.469 0.605 0.350 11148.930 0.000 0.000 0.000
2.482 0.609 0.336 11157.266 0.000 0.000 0.000
2.502 0.610 0.320 11165.603 0.000 0.000 0.000
2.510 0.612 0.306 11173.939 0.000 0.000 0.000
2.529 0.614 0.288 11182.275 0.000 0.000 0.000
2.543 0.613 0.272 11190.611 0.000 0.000 0.000
2.558 0.613 0.257 11198.948 0.000 0.000 0.000
2.592 0.612 0.232 11207.284 0.000 0.000 0.000
2.608 0.611 0.218 11215.620 0.000 0.000 0.000
2.644 0.610 0.196 11223.956 0.000 0.000 0.000
2.633 0.615 0.175 11232.293 0.000 0.000 0.000
2.622 0.624 0.156 11240.629 0.000 0.000 0.000
2.635 0.624 0.135 11248.965 0.000 0.000 0.000
2.649 0.624 0.116 11257.301 0.000 0.000 0.000
2.616 0.626 0.158 11290.646 0.000 0.000 0.000
2.607 0.628 0.174 11298.983 0.000 0.000 0.000
2.593 0.629 0.193 11307.319 0.000 0.000 0.000
2.585 0.631 0.208 11315.655 0.000 0.000 0.000
2.571 0.632 0.227 11323.991 0.000 0.000 0.000
2.556 0.632 0.242 11332.327 0.000 0.000 0.000
2.541 0.632 0.257 11340.664 0.000 0.000 0.000
2.533 0.635 0.272 11349.000 0.000 0.000 0.000
2.524 0.634 0.282 11357.336 0.000 0.000 0.000
2.514 0.637 0.294 11365.673 0.000 0.000 0.000
2.500 0.637 0.308 11374.009 0.000 0.000 0.000
2.483 0.637 0.319 11382.345 0.000 0.000 0.000
2.474 0.636 0.328 11390.681 0.000 0.000 0.000
2.464 0.639 0.337 11399.018 0.000 0.000 0.000
2.449 0.640 0.350 11407.354 0.000 0.000 0.000
2.439 0.642 0.357 11415.690 0.000 0.000 0.000
2.429 0.641 0.364 11424.026 0.000 0.000 0.000
2.417 0.641 0.369 11432.362 0.000 0.000 0.000
2.407 0.643 0.378 11440.699 0.000 0.000 0.000
2.391 0.644 0.385 11449.035 0.000 0.000 0.000
2.375 0.645 0.392 11457.371 0.000 0.000 0.000
2.369 0.646 0.394 11465.708 0.000 0.000 0.000
2.358 0.645 0.398 11474.044 0.000 0.000 0.000
2.352 0.647 0.401 11482.380 0.000 0.000 0.000
2.340 0.650 0.403 11490.716 0.000 0.000 0.000
2.328 0.649 0.403 11499.053 0.000 0.000 0.000
2.310 0.650 0.405 11507.389 0.000 0.000 0.000
2.303 0.651 0.404 11515.725 0.000 0.000 0.000
2.285 0.652 0.406 11524.061 0.000 0.000 0.000
2.278 0.654 0.404 11532.397 0.000 0.000 0.000
2.271 0.655 0.403 11540.734 0.000 0.000 0.000
2.257 0.655 0.400 11549.070 0.000 0.000 0.000
2.244 0.658 0.398 11557.406 0.000 0.000 0.000
2.235 0.660 0.394 11565.743 0.000 0.000 0.000
2.222 0.659 0.391 11574.079 0.000 0.000 0.000
2.214 0.661 0.386 11582.415 0.000 0.000 0.000
2.205 0.662 0.380 11590.751 0.000 0.000 0.000
2.191 0.662 0.375 11599.088 0.000 0.000 0.000
2.181 0.664 0.367 11607.424 0.000 0.000 0.000
2.167 0.663 0.361 11615.760 0.000 0.000 0.000
2.156 0.665 0.352 11624.096 0.000 0.000 0.000
2.147 0.667 0.344 11632.432 0.000 0.000 0.000
2.132 0.667 0.336 11640.769 0.000 0.000 0.000
2.126 0.667 0.324 11649.105 0.000 0.000 0.000
2.115 0.669 0.313 11657.441 0.000 0.000 0.000
2.100 0.669 0.303 11665.778 0.000 0.000 0.000
2.094 0.670 0.291 11674.114 0.000 0.000 0.000
2.083 0.672 0.280 11682.450 0.000 0.000 0.000
2.076 0.672 0.264 11690.786 0.000 0.000 0.000
2.060 0.672 0.253 11699.122 0.000 0.000 0.000
2.053 0.673 0.238 11707.459 0.000 0.000 0.000
2.045 0.674 0.220 11715.795 0.000 0.000 0.000
2.028 0.674 0.208 11724.131 0.000 0.000 0.000
2.020 0.674 0.189 11732.468 0.000 0.000 0.000
2.012 0.675 0.170 11740.804 0.000 0.000 0.000
1.994 0.675 0.155 11749.140 0.000 0.000 0.000
1.986 0.676 0.136 11757.476 0.000 0.000 0.000
1.972 0.678 0.119 11765.813 0.000 0.000 0.000
1.964 0.679 0.100 11774.149 0.000 0.000 0.000
1.954 0.680 0.078 11782.485 0.000 0.000 0.000
1.945 0.681 0.057 11790.821 0.000 0.000 0.000
1.936 0.682 0.037 11799.157 0.000 0.000 0.000
1.926 0.683 0.013 11807.494 0.000 0.000 0.000
1.911 0.683 0.006 11815.830 0.000 0.000 0.000
1.908 0.685 0.026 11824.166 0.000 0.000 0.000
1.899 0.685 0.045 11832.503 0.000 0.000 0.000
1.901 0.685 0.063 11840.839 0.000 0.000 0.000
1.893 0.685 0.083 11849.175 0.000 0.000 0.000
1.889 0.687 0.100 11857.511 0.000 0.000 0.000
1.889 0.688 0.115 11865.848 0.000 0.000 0.000
1.881 0.688 0.135 11874.184 0.000 0.000 0.000
1.876 0.690 0.150 11882.520 0.000 0.000 0.000
1.872 0.692 0.165 11890.856 0.000 0.000 0.000
1.871 0.693 0.176 11899.193 0.000 0.000 0.000
1.866 0.692 0.190 11907.529 0.000 0.000 0.000
1.860 0.694 0.202 11915.865 0.000 0.000 0.000
1.860 0.695 0.215 11924.201 0.000 0.000 0.000
1.849 0.695 0.228 11932.538 0.000 0.000 0.000
1.847 0.696 0.236 11940.874 0.000 0.000 0.000
1.841 0.699 0.246 11949.210 0.000 0.000 0.000
1.835 0.697 0.257 11957.546 0.000 0.000 0.000
1.833 0.698 0.265 11965.883 0.000 0.000 0.000
1.830 0.700 0.271 11974.219 0.000 0.000 0.000
1.828 0.701 0.277 11982.555 0.000 0.000 0.000
1.815 0.701 0.286 11990.891 0.000 0.000 0.000
1.817 0.701 0.289 11999.228 0.000 0.000 0.000
1.813 0.702 0.293 12007.564 0.000 0.000 0.000
1.806 0.704 0.300 12015.900 0.000 0.000 0.000
1.801 0.706 0.303 12024.236 0.000 0.000 0.000
1.798 0.703 0.306 12032.573 0.000 0.000 0.000
1.794 0.705 0.308 12040.909 0.000 0.000 0.000
1.789 0.706 0.310 12049.245 0.000 0.000 0.000
1.784 0.707 0.310 12057.581 0.000 0.000 0.000
1.775 0.707 0.314 12065.918 0.000 0.000 0.000
1.744 0.713 0.291 12132.608 0.000 0.000 0.000
1.741 0.713 0.285 12140.944 0.000 0.000 0.000
1.738 0.717 0.280 12149.280 0.000 0.000 0.000
1.734 0.717 0.271 12157.616 0.000 0.000 0.000
1.731 0.718 0.263 12165.952 0.000 0.000 0.000
1.727 0.718 0.255 12174.289 0.000 0.000 0.000
1.723 0.718 0.246 12182.625 0.000 0.000 0.000
1.719 0.719 0.237 12190.961 0.000 0.000 0.000
1.715 0.719 0.227 12199.298 0.000 0.000 0.000
1.710 0.720 0.216 12207.634 0.000 0.000 0.000
1.704 0.720 0.205 12215.970 0.000 0.000 0.000
1.703 0.723 0.191 12224.306 0.000 0.000 0.000
1.699 0.723 0.181 12232.643 0.000 0.000 0.000
1.693 0.724 0.167 12240.979 0.000 0.000 0.000
1.686 0.725 0.153 12249.315 0.000 0.000 0.000
1.685 0.724 0.139 12257.651 0.000 0.000 0.000
1.679 0.725 0.124 12265.987 0.000 0.000 0.000
1.676 0.727 0.107 12274.324 0.000 0.000 0.000
1.673 0.727 0.089 12282.660 0.000 0.000 0.000
1.667 0.728 0.074 12290.996 0.000 0.000 0.000
1.665 0.727 0.057 12299.333 0.000 0.000 0.000
1.660 0.730 0.038 12307.669 0.000 0.000 0.000
1.658 0.729 0.019 12316.005 0.000 0.000 0.000
1.652 0.730 0.007 12324.341 0.000 0.000 0.000
1.652 0.731 0.018 12332.678 0.000 0.000 0.000
1.645 0.731 0.038 12341.014 0.000 0.000 0.000
1.641 0.733 0.054 12349.350 0.000 0.000 0.000
1.639 0.731 0.069 12357.686 0.000 0.000 0.000
1.634 0.733 0.084 12366.022 0.000 0.000 0.000
1.631 0.732 0.099 12374.359 0.000 0.000 0.000
1.627 0.734 0.112 12382.695 0.000 0.000 0.000
1.619 0.734 0.128 12391.031 0.000 0.000 0.000
1.618 0.734 0.139 12399.368 0.000 0.000 0.000
1.614 0.733 0.151 12407.704 0.000 0.000 0.000
1.608 0.735 0.163 12416.040 0.000 0.000 0.000
1.603 0.734 0.172 12424.376 0.000 0.000 0.000
1.602 0.735 0.181 12432.713 0.000 0.000 0.000
1.597 0.737 0.192 12441.049 0.000 0.000 0.000
1.592 0.736 0.201 12449.385 0.000 0.000 0.000
1.589 0.737 0.206 12457.721 0.000 0.000 0.000
1.587 0.738 0.214 12466.057 0.000 0.000 0.000
1.580 0.737 0.220 12474.394 0.000 0.000 0.000
1.578 0.738 0.226 12482.730 0.000 0.000 0.000
1.575 0.739 0.231 12491.066 0.000 0.000 0.000
1.569 0.738 0.237 12499.403 0.000 0.000 0.000
1.564 0.739 0.239 12507.739 0.000 0.000 0.000
1.562 0.740 0.243 12516.075 0.000 0.000 0.000
1.554 0.740 0.247 12524.411 0.000 0.000 0.000
1.553 0.740 0.245 12532.747 0.000 0.000 0.000
1.549 0.741 0.247 12541.084 0.000 0.000 0.000
1.549 0.741 0.247 12549.420 0.000 0.000 0.000
1.522 0.744 0.240 12591.101 0.000 0.000 0.000
1.520 0.744 0.236 12599.438 0.000 0.000 0.000
1.518 0.745 0.232 12607.774 0.000 0.000 0.000
1.516 0.745 0.226 12616.110 0.000 0.000 0.000
1.512 0.745 0.218 12624.446 0.000 0.000 0.000
1.505 0.747 0.214 12632.782 0.000 0.000 0.000
1.502 0.747 0.207 12641.119 0.000 0.000 0.000
1.499 0.747 0.200 12649.455 0.000 0.000 0.000
1.495 0.748 0.191 12657.791 0.000 0.000 0.000
1.491 0.748 0.181 12666.128 0.000 0.000 0.000
1.490 0.747 0.170 12674.464 0.000 0.000 0.000
1.486 0.748 0.160 12682.800 0.000 0.000 0.000
1.478 0.750 0.152 12691.136 0.000 0.000 0.000
1.477 0.749 0.139 12699.473 0.000 0.000 0.000
1.472 0.749 0.127 12707.809 0.000 0.000 0.000
1.470 0.752 0.114 12716.145 0.000 0.000 0.000
1.468 0.751 0.098 12724.481 0.000 0.000 0.000
1.462 0.752 0.087 12732.818 0.000 0.000 0.000
1.464 0.753 0.072 12741.154 0.000 0.000 0.000
1.364 0.756 0.201 12966.233 0.000 0.000 0.000
1.363 0.756 0.200 12974.569 0.000 0.000 0.000
1.358 0.757 0.199 12982.905 0.000 0.000 0.000
1.351 0.756 0.202 12991.241 0.000 0.000 0.000
1.350 0.756 0.200 12999.577 0.000 0.000 0.000
1.349 0.756 0.197 13007.914 0.000 0.000 0.000
1.348 0.756 0.194 13016.250 0.000 0.000 0.000
1.338 0.756 0.192 13024.586 0.000 0.000 0.000
1.337 0.756 0.188 13032.923 0.000 0.000 0.000
1.335 0.756 0.184 13041.259 0.000 0.000 0.000
1.329 0.754 0.180 13049.595 0.000 0.000 0.000
1.326 0.755 0.174 13057.931 0.000 0.000 0.000
1.323 0.755 0.166 13066.268 0.000 0.000 0.000
1.320 0.755 0.161 13074.604 0.000 0.000 0.000
1.316 0.756 0.151 13082.940 0.000 0.000 0.000
1.309 0.754 0.145 13091.276 0.000 0.000 0.000
1.308 0.757 0.134 13099.612 0.000 0.000 0.000
1.305 0.757 0.126 13107.949 0.000 0.000 0.000
1.303 0.756 0.113 13116.285 0.000 0.000 0.000
1.299 0.757 0.102 13124.621 0.000 0.000 0.000
1.297 0.759 0.090 13132.958 0.000 0.000 0.000
1.295 0.759 0.075 13141.294 0.000 0.000 0.000
1.290 0.759 0.065 13149.630 0.000 0.000 0.000
1.292 0.761 0.050 13157.966 0.000 0.000 0.000
1.285 0.759 0.043 13166.303 0.000 0.000 0.000
1.265 0.760 0.067 13224.656 0.000 0.000 0.000
1.261 0.762 0.077 13232.993 0.000 0.000 0.000
1.254 0.762 0.090 13241.329 0.000 0.000 0.000
1.253 0.763 0.097 13249.665 0.000 0.000 0.000
1.249 0.762 0.107 13258.001 0.000 0.000 0.000
1.248 0.763 0.115 13266.338 0.000 0.000 0.000
1.239 0.763 0.124 13274.674 0.000 0.000 0.000
1.238 0.764 0.130 13283.010 0.000 0.000 0.000
1.236 0.765 0.136 13291.346 0.000 0.000 0.000
1.231 0.764 0.141 13299.682 0.000 0.000 0.000
1.228 0.765 0.146 13308.019 0.000 0.000 0.000
1.226 0.766 0.150 13316.355 0.000 0.000 0.000
1.219 0.765 0.154 13324.691 0.000 0.000 0.000
1.217 0.766 0.158 13333.028 0.000 0.000 0.000
1.217 0.766 0.158 13341.364 0.000 0.000 0.000
1.214 0.767 0.160 13349.700 0.000 0.000 0.000
1.206 0.766 0.162 13358.036 0.000 0.000 0.000
1.206 0.766 0.160 13366.372 0.000 0.000 0.000
1.203 0.767 0.162 13374.709 0.000 0.000 0.000
1.187 0.768 0.154 13408.054 0.000 0.000 0.000
1.185 0.768 0.151 13416.390 0.000 0.000 0.000
1.183 0.768 0.146 13424.726 0.000 0.000 0.000
1.177 0.770 0.143 13433.063 0.000 0.000 0.000
1.174 0.770 0.135 13441.399 0.000 0.000 0.000
1.171 0.770 0.130 13449.735 0.000 0.000 0.000
1.168 0.771 0.123 13458.071 0.000 0.000 0.000
1.166 0.771 0.116 13466.407 0.000 0.000 0.000
1.170 0.772 0.109 13474.744 0.000 0.000 0.000
