2.691 0.709 0.285 688429.861 0.000 0.000 0.000
2.689 0.705 0.280 688438.197 0.000 0.000 0.000
2.676 0.700 0.282 688446.533 0.000 0.000 0.000
2.668 0.694 0.278 688454.869 0.000 0.000 0.000
2.667 0.690 0.272 688463.206 0.000 0.000 0.000
2.660 0.684 0.270 688471.542 0.000 0.000 0.000
2.646 0.679 0.270 688479.878 0.000 0.000 0.000
2.645 0.675 0.266 688488.214 0.000 0.000 0.000
2.637 0.669 0.263 688496.551 0.000 0.000 0.000
2.654 0.657 0.259 688504.887 0.000 0.000 0.000
2.706 0.641 0.248 688513.223 0.000 0.000 0.000
2.829 0.605 0.235 688521.559 0.000 0.000 0.000
2.829 0.600 0.233 688529.896 0.000 0.000 0.000
2.836 0.590 0.231 688538.232 0.000 0.000 0.000
2.827 0.588 0.227 688546.568 0.000 0.000 0.000
2.813 0.583 0.227 688554.904 0.000 0.000 0.000
2.773 0.588 0.226 688563.241 0.000 0.000 0.000
2.795 0.575 0.220 688571.577 0.000 0.000 0.000
2.781 0.570 0.222 688579.913 0.000 0.000 0.000
2.893 0.537 0.211 688588.249 0.000 0.000 0.000
2.780 0.561 0.218 688596.586 0.000 0.000 0.000
2.756 0.559 0.214 688604.922 0.000 0.000 0.000
2.763 0.553 0.211 688613.258 0.000 0.000 0.000
2.740 0.551 0.210 688621.594 0.000 0.000 0.000
2.740 0.546 0.210 688629.931 0.000 0.000 0.000
2.851 0.513 0.203 688638.267 0.000 0.000 0.000
2.725 0.538 0.206 688646.603 0.000 0.000 0.000
2.715 0.536 0.201 688654.939 0.000 0.000 0.000
2.722 0.529 0.201 688663.276 0.000 0.000 0.000
2.700 0.527 0.198 688671.612 0.000 0.000 0.000
2.714 0.519 0.199 688679.948 0.000 0.000 0.000
2.714 0.515 0.197 688688.284 0.000 0.000 0.000
2.698 0.515 0.192 688696.621 0.000 0.000 0.000
2.698 0.506 0.191 688704.957 0.000 0.000 0.000
2.512 0.554 0.178 688713.293 0.000 0.000 0.000
2.505 0.547 0.177 688721.629 0.000 0.000 0.000
2.510 0.546 0.173 688729.966 0.000 0.000 0.000
2.497 0.541 0.173 688738.302 0.000 0.000 0.000
2.495 0.538 0.169 688746.638 0.000 0.000 0.000
2.495 0.534 0.167 688754.974 0.000 0.000 0.000
2.494 0.530 0.164 688763.311 0.000 0.000 0.000
2.493 0.530 0.160 688771.647 0.000 0.000 0.000
2.485 0.524 0.159 688779.983 0.000 0.000 0.000
2.484 0.524 0.157 688788.319 0.000 0.000 0.000
2.484 0.520 0.155 688796.656 0.000 0.000 0.000
2.483 0.516 0.151 688804.992 0.000 0.000 0.000
2.481 0.516 0.148 688813.328 0.000 0.000 0.000
2.480 0.512 0.144 688821.664 0.000 0.000 0.000
2.473 0.510 0.142 688830.001 0.000 0.000 0.000
2.477 0.509 0.137 688838.337 0.000 0.000 0.000
2.472 0.507 0.139 688846.673 0.000 0.000 0.000
2.476 0.505 0.133 688855.009 0.000 0.000 0.000
2.469 0.503 0.132 688863.346 0.000 0.000 0.000
2.473 0.501 0.126 688871.682 0.000 0.000 0.000
2.472 0.501 0.122 688880.018 0.000 0.000 0.000
2.466 0.499 0.124 688888.354 0.000 0.000 0.000
2.471 0.498 0.119 688896.691 0.000 0.000 0.000
2.470 0.498 0.117 688905.027 0.000 0.000 0.000
2.475 0.496 0.111 688913.363 0.000 0.000 0.000
2.462 0.496 0.114 688921.699 0.000 0.000 0.000
2.472 0.496 0.106 688930.036 0.000 0.000 0.000
2.471 0.496 0.102 688938.372 0.000 0.000 0.000
2.459 0.496 0.107 688946.708 0.000 0.000 0.000
2.463 0.494 0.101 688955.044 0.000 0.000 0.000
2.463 0.494 0.099 688963.381 0.000 0.000 0.000
2.468 0.497 0.095 688971.717 0.000 0.000 0.000
2.460 0.495 0.094 688980.053 0.000 0.000 0.000
2.466 0.497 0.092 688988.389 0.000 0.000 0.000
2.453 0.496 0.095 688996.726 0.000 0.000 0.000
2.458 0.499 0.089 689005.062 0.000 0.000 0.000
2.457 0.499 0.087 689013.398 0.000 0.000 0.000
2.461 0.501 0.081 689021.734 0.000 0.000 0.000
2.455 0.503 0.084 689030.071 0.000 0.000 0.000
2.455 0.503 0.082 689038.407 0.000 0.000 0.000
2.454 0.503 0.080 689046.743 0.000 0.000 0.000
2.454 0.507 0.080 689055.079 0.000 0.000 0.000
2.452 0.507 0.079 689063.416 0.000 0.000 0.000
2.452 0.511 0.077 689071.752 0.000 0.000 0.000
2.451 0.511 0.075 689080.088 0.000 0.000 0.000
2.449 0.519 0.072 689113.433 0.000 0.000 0.000
2.447 0.520 0.069 689121.769 0.000 0.000 0.000
2.447 0.524 0.067 689130.106 0.000 0.000 0.000
2.445 0.528 0.066 689138.442 0.000 0.000 0.000
2.451 0.530 0.062 689146.778 0.000 0.000 0.000
2.451 0.530 0.062 689155.114 0.000 0.000 0.000
2.450 0.534 0.062 689163.451 0.000 0.000 0.000
2.449 0.538 0.059 689171.787 0.000 0.000 0.000
2.448 0.538 0.057 689180.123 0.000 0.000 0.000
2.448 0.542 0.059 689188.459 0.000 0.000 0.000
2.444 0.562 0.055 689230.141 0.000 0.000 0.000
