1.495 0.442 0.045 4046.226 0.747 -0.171 0.223
1.501 0.441 0.046 4054.562 0.830 -0.175 0.106
1.508 0.440 0.046 4062.898 0.851 -0.183 0.013
1.516 0.438 0.046 4071.234 0.834 -0.193 -0.032
1.523 0.436 0.045 4079.571 0.766 -0.206 -0.041
1.528 0.434 0.045 4087.907 0.783 -0.215 -0.097
1.534 0.433 0.045 4096.243 0.743 -0.182 -0.209
1.542 0.431 0.042 4104.580 0.735 -0.178 -0.314
1.548 0.430 0.039 4112.916 0.674 -0.176 -0.375
1.556 0.427 0.033 4126.810 0.663 -0.172 -0.498
1.563 0.425 0.025 4140.703 0.615 -0.173 -0.502
1.573 0.423 0.012 4154.597 0.734 -0.176 -0.412
1.584 0.420 0.003 4168.491 0.819 -0.194 -0.032
1.597 0.418 0.006 4182.384 0.783 -0.183 0.375
1.608 0.415 0.017 4196.278 0.764 -0.185 0.712
1.614 0.413 0.024 4204.614 0.730 -0.178 0.681
1.620 0.412 0.028 4212.951 0.701 -0.176 0.523
1.625 0.411 0.032 4221.287 0.709 -0.190 0.440
1.632 0.408 0.035 4229.623 0.819 -0.183 0.303
1.639 0.407 0.037 4237.959 0.826 -0.161 0.204
1.646 0.406 0.039 4246.295 0.880 -0.180 0.093
1.654 0.405 0.039 4254.632 0.884 -0.201 0.011
1.662 0.403 0.038 4262.968 0.825 -0.222 -0.073
1.667 0.400 0.038 4271.304 0.799 -0.215 -0.103
1.674 0.399 0.036 4279.641 0.775 -0.177 -0.158
1.680 0.398 0.035 4287.977 0.692 -0.141 -0.186
1.686 0.397 0.033 4296.313 0.652 -0.146 -0.242
1.691 0.396 0.032 4304.649 0.723 -0.159 -0.363
1.701 0.393 0.025 4318.543 0.660 -0.176 -0.430
1.712 0.391 0.012 4335.216 0.703 -0.165 -0.418
1.725 0.388 0.004 4351.888 0.729 -0.168 -0.159
1.737 0.385 0.005 4368.561 0.721 -0.175 0.183
1.748 0.382 0.012 4385.233 0.727 -0.186 0.447
1.761 0.379 0.025 4401.906 0.809 -0.227 0.449
1.770 0.376 0.030 4413.021 0.735 -0.213 0.341
1.777 0.374 0.031 4421.357 0.717 -0.223 0.147
1.782 0.372 0.033 4429.693 0.738 -0.177 0.064
1.788 0.371 0.032 4438.029 0.721 -0.143 -0.035
1.793 0.370 0.032 4446.366 0.686 -0.123 -0.088
1.801 0.369 0.030 4454.702 0.723 -0.156 -0.175
1.807 0.368 0.029 4463.038 0.661 -0.175 -0.192
1.810 0.366 0.027 4471.375 0.631 -0.172 -0.260
1.816 0.365 0.025 4479.710 0.640 -0.150 -0.359
1.828 0.362 0.017 4497.772 0.675 -0.144 -0.266
1.841 0.360 0.013 4515.834 0.697 -0.145 -0.148
1.853 0.358 0.010 4533.896 0.701 -0.167 0.029
1.864 0.354 0.015 4551.958 0.736 -0.193 0.178
1.879 0.350 0.021 4570.020 0.733 -0.211 0.177
1.893 0.346 0.026 4588.082 0.732 -0.164 0.174
1.899 0.345 0.027 4596.418 0.630 -0.157 0.149
1.903 0.344 0.027 4604.754 0.616 -0.126 0.008
1.908 0.343 0.027 4613.091 0.633 -0.125 -0.030
1.913 0.342 0.027 4621.427 0.744 -0.116 -0.112
1.920 0.341 0.026 4629.763 0.779 -0.142 -0.258
1.928 0.340 0.022 4638.100 0.798 -0.120 -0.356
1.941 0.337 0.015 4657.551 0.729 -0.153 -0.239
1.955 0.334 0.011 4677.002 0.710 -0.165 -0.135
1.966 0.330 0.012 4696.453 0.701 -0.186 0.026
1.982 0.327 0.017 4715.904 0.728 -0.200 0.077
1.996 0.323 0.019 4735.355 0.712 -0.214 0.031
2.010 0.318 0.021 4754.807 0.694 -0.163 -0.008
2.016 0.317 0.020 4763.143 0.653 -0.121 -0.114
2.021 0.317 0.019 4771.479 0.622 -0.106 -0.179
2.026 0.316 0.017 4779.815 0.598 -0.117 -0.241
2.031 0.315 0.015 4788.152 0.677 -0.122 -0.316
2.042 0.312 0.009 4803.435 0.689 -0.178 -0.249
2.054 0.310 0.004 4818.718 0.702 -0.168 -0.113
2.065 0.307 0.005 4834.001 0.665 -0.166 0.073
2.074 0.305 0.010 4849.284 0.633 -0.178 0.170
2.083 0.302 0.014 4864.567 0.655 -0.195 0.182
2.092 0.299 0.019 4879.851 0.671 -0.140 0.126
2.099 0.298 0.018 4888.187 0.719 -0.129 -0.014
2.105 0.297 0.018 4896.523 0.706 -0.116 -0.040
2.110 0.297 0.017 4904.859 0.680 -0.126 -0.110
2.116 0.295 0.016 4913.196 0.650 -0.163 -0.200
