1.824 0.415 0.377 20353.393 0.000 0.000 0.000
1.845 0.417 0.390 20361.729 0.000 0.000 0.000
1.862 0.417 0.404 20370.066 0.000 0.000 0.000
1.882 0.418 0.414 20378.402 0.000 0.000 0.000
1.921 0.419 0.442 20403.411 0.000 0.000 0.000
1.945 0.419 0.448 20411.747 0.000 0.000 0.000
1.975 0.425 0.461 20420.083 0.000 0.000 0.000
1.990 0.424 0.468 20428.419 0.000 0.000 0.000
2.008 0.426 0.473 20436.756 0.000 0.000 0.000
2.026 0.428 0.479 20445.092 0.000 0.000 0.000
2.040 0.428 0.486 20453.428 0.000 0.000 0.000
2.059 0.430 0.492 20461.764 0.000 0.000 0.000
2.082 0.430 0.494 20470.101 0.000 0.000 0.000
2.095 0.430 0.497 20478.437 0.000 0.000 0.000
2.107 0.434 0.500 20486.773 0.000 0.000 0.000
2.129 0.435 0.499 20495.109 0.000 0.000 0.000
2.147 0.437 0.501 20503.446 0.000 0.000 0.000
2.165 0.435 0.502 20511.782 0.000 0.000 0.000
2.277 0.426 0.488 20545.127 0.000 0.000 0.000
2.396 0.397 0.473 20553.463 0.000 0.000 0.000
2.409 0.398 0.471 20561.799 0.000 0.000 0.000
2.457 0.391 0.464 20570.136 0.000 0.000 0.000
2.323 0.438 0.470 20578.472 0.000 0.000 0.000
2.459 0.405 0.453 20586.808 0.000 0.000 0.000
2.338 0.448 0.464 20595.144 0.000 0.000 0.000
2.475 0.411 0.445 20603.481 0.000 0.000 0.000
2.369 0.449 0.449 20611.817 0.000 0.000 0.000
2.615 0.399 0.391 20645.162 0.000 0.000 0.000
2.716 0.377 0.357 20653.498 0.000 0.000 0.000
2.741 0.377 0.346 20661.834 0.000 0.000 0.000
2.734 0.393 0.300 20686.843 0.000 0.000 0.000
2.717 0.405 0.295 20695.179 0.000 0.000 0.000
2.784 0.394 0.290 20703.516 0.000 0.000 0.000
2.751 0.407 0.266 20711.852 0.000 0.000 0.000
2.855 0.403 0.221 20745.197 0.000 0.000 0.000
2.858 0.406 0.211 20753.533 0.000 0.000 0.000
2.880 0.407 0.189 20761.869 0.000 0.000 0.000
2.681 0.466 0.150 20786.878 0.000 0.000 0.000
2.883 0.420 0.116 20786.878 0.000 0.000 0.000
2.917 0.413 0.130 20795.214 0.000 0.000 0.000
3.009 0.419 0.120 20853.568 0.000 0.000 0.000
3.051 0.414 0.164 20861.904 0.000 0.000 0.000
3.057 0.414 0.175 20870.241 0.000 0.000 0.000
3.100 0.413 0.195 20895.249 0.000 0.000 0.000
3.128 0.411 0.199 20903.586 0.000 0.000 0.000
3.121 0.414 0.204 20911.922 0.000 0.000 0.000
3.141 0.413 0.211 20920.258 0.000 0.000 0.000
3.170 0.411 0.216 20928.594 0.000 0.000 0.000
3.223 0.412 0.198 20970.276 0.000 0.000 0.000
3.243 0.417 0.221 20978.612 0.000 0.000 0.000
3.245 0.417 0.227 20986.948 0.000 0.000 0.000
3.302 0.411 0.192 21020.293 0.000 0.000 0.000
3.288 0.420 0.221 21020.293 0.000 0.000 0.000
3.313 0.418 0.214 21028.629 0.000 0.000 0.000
3.314 0.422 0.216 21036.966 0.000 0.000 0.000
3.339 0.421 0.211 21045.302 0.000 0.000 0.000
3.306 0.432 0.185 21070.311 0.000 0.000 0.000
3.412 0.411 0.162 21070.311 0.000 0.000 0.000
