1.485 0.293 0.022 346842.210 0.000 0.000 0.000
1.496 0.292 0.027 346850.546 0.000 0.000 0.000
1.517 0.292 0.030 346858.883 0.000 0.000 0.000
1.532 0.294 0.033 346867.219 0.000 0.000 0.000
1.551 0.294 0.031 346875.555 0.000 0.000 0.000
1.557 0.295 0.033 346883.891 0.000 0.000 0.000
1.571 0.297 0.033 346892.228 0.000 0.000 0.000
1.590 0.297 0.031 346900.564 0.000 0.000 0.000
1.605 0.298 0.031 346908.900 0.000 0.000 0.000
1.619 0.300 0.029 346917.236 0.000 0.000 0.000
1.636 0.300 0.024 346925.573 0.000 0.000 0.000
1.651 0.302 0.022 346933.909 0.000 0.000 0.000
1.664 0.300 0.016 346942.245 0.000 0.000 0.000
1.677 0.302 0.011 346950.581 0.000 0.000 0.000
1.690 0.304 0.005 346958.917 0.000 0.000 0.000
1.704 0.306 0.001 346967.254 0.000 0.000 0.000
1.716 0.305 0.004 346975.590 0.000 0.000 0.000
1.732 0.307 0.006 346983.926 0.000 0.000 0.000
1.746 0.307 0.013 346992.263 0.000 0.000 0.000
1.764 0.308 0.017 347000.599 0.000 0.000 0.000
1.777 0.308 0.022 347008.935 0.000 0.000 0.000
1.797 0.308 0.019 347017.271 0.000 0.000 0.000
1.805 0.309 0.026 347025.608 0.000 0.000 0.000
1.822 0.311 0.026 347033.944 0.000 0.000 0.000
1.834 0.311 0.028 347042.280 0.000 0.000 0.000
1.850 0.313 0.026 347050.616 0.000 0.000 0.000
1.866 0.314 0.027 347058.953 0.000 0.000 0.000
1.877 0.314 0.026 347067.289 0.000 0.000 0.000
1.893 0.316 0.024 347075.625 0.000 0.000 0.000
1.909 0.314 0.021 347083.961 0.000 0.000 0.000
1.919 0.318 0.017 347092.297 0.000 0.000 0.000
1.929 0.318 0.016 347100.634 0.000 0.000 0.000
1.945 0.320 0.012 347108.970 0.000 0.000 0.000
1.965 0.320 0.004 347117.306 0.000 0.000 0.000
1.974 0.320 -0.000 347125.642 0.000 0.000 0.000
1.987 0.320 0.002 347133.979 0.000 0.000 0.000
2.001 0.324 0.007 347142.315 0.000 0.000 0.000
2.020 0.322 0.009 347150.651 0.000 0.000 0.000
2.029 0.323 0.014 347158.987 0.000 0.000 0.000
2.047 0.325 0.014 347167.324 0.000 0.000 0.000
2.055 0.327 0.021 347175.660 0.000 0.000 0.000
2.068 0.327 0.023 347183.996 0.000 0.000 0.000
2.081 0.326 0.023 347192.333 0.000 0.000 0.000
2.099 0.328 0.023 347200.669 0.000 0.000 0.000
2.111 0.328 0.022 347209.005 0.000 0.000 0.000
2.129 0.330 0.021 347217.341 0.000 0.000 0.000
2.141 0.330 0.019 347225.677 0.000 0.000 0.000
2.152 0.330 0.017 347234.014 0.000 0.000 0.000
2.169 0.332 0.012 347242.350 0.000 0.000 0.000
2.181 0.332 0.011 347250.686 0.000 0.000 0.000
2.192 0.332 0.006 347259.022 0.000 0.000 0.000
2.208 0.335 -0.001 347267.359 0.000 0.000 0.000
2.221 0.334 -0.000 347275.695 0.000 0.000 0.000
2.230 0.336 0.004 347284.031 0.000 0.000 0.000
2.245 0.336 0.010 347292.367 0.000 0.000 0.000
2.265 0.338 0.010 347300.704 0.000 0.000 0.000
2.278 0.338 0.010 347309.040 0.000 0.000 0.000
2.287 0.340 0.015 347317.376 0.000 0.000 0.000
2.300 0.340 0.016 347325.713 0.000 0.000 0.000
2.308 0.341 0.019 347334.049 0.000 0.000 0.000
2.321 0.341 0.017 347342.385 0.000 0.000 0.000
2.340 0.343 0.016 347350.721 0.000 0.000 0.000
2.354 0.343 0.014 347359.058 0.000 0.000 0.000
2.368 0.343 0.015 347367.394 0.000 0.000 0.000
2.375 0.345 0.015 347375.730 0.000 0.000 0.000
2.398 0.346 0.005 347384.066 0.000 0.000 0.000
2.404 0.348 0.001 347392.402 0.000 0.000 0.000
2.416 0.348 0.000 347400.739 0.000 0.000 0.000
2.432 0.348 0.002 347409.075 0.000 0.000 0.000
2.441 0.350 0.007 347417.411 0.000 0.000 0.000
2.450 0.351 0.012 347425.748 0.000 0.000 0.000
2.465 0.351 0.014 347434.084 0.000 0.000 0.000
2.479 0.351 0.015 347442.420 0.000 0.000 0.000
2.488 0.353 0.020 347450.756 0.000 0.000 0.000
2.509 0.351 0.016 347459.093 0.000 0.000 0.000
2.522 0.355 0.013 347467.429 0.000 0.000 0.000
2.531 0.357 0.018 347475.765 0.000 0.000 0.000
2.545 0.357 0.015 347484.101 0.000 0.000 0.000
2.551 0.355 0.012 347492.438 0.000 0.000 0.000
2.571 0.358 0.009 347500.774 0.000 0.000 0.000
2.584 0.358 0.004 347509.110 0.000 0.000 0.000
2.592 0.360 0.005 347517.446 0.000 0.000 0.000
