1.603 0.477 0.103 59655.919 0.000 0.000 0.000
1.618 0.481 0.128 59664.256 0.000 0.000 0.000
1.629 0.483 0.153 59672.592 0.000 0.000 0.000
1.644 0.484 0.176 59680.928 0.000 0.000 0.000
1.660 0.488 0.201 59689.264 0.000 0.000 0.000
1.678 0.491 0.221 59697.601 0.000 0.000 0.000
1.688 0.494 0.245 59705.937 0.000 0.000 0.000
1.706 0.497 0.262 59714.273 0.000 0.000 0.000
1.719 0.501 0.281 59722.609 0.000 0.000 0.000
1.736 0.504 0.299 59730.946 0.000 0.000 0.000
1.749 0.505 0.318 59739.282 0.000 0.000 0.000
1.765 0.509 0.333 59747.618 0.000 0.000 0.000
1.779 0.510 0.352 59755.954 0.000 0.000 0.000
1.794 0.513 0.363 59764.291 0.000 0.000 0.000
1.805 0.518 0.380 59772.627 0.000 0.000 0.000
1.821 0.521 0.393 59780.963 0.000 0.000 0.000
1.841 0.523 0.403 59789.299 0.000 0.000 0.000
1.852 0.524 0.418 59797.636 0.000 0.000 0.000
1.867 0.528 0.429 59805.972 0.000 0.000 0.000
1.877 0.529 0.441 59814.308 0.000 0.000 0.000
1.892 0.532 0.452 59822.644 0.000 0.000 0.000
1.906 0.536 0.461 59830.981 0.000 0.000 0.000
1.920 0.539 0.470 59839.317 0.000 0.000 0.000
1.937 0.542 0.475 59847.653 0.000 0.000 0.000
1.950 0.545 0.481 59855.989 0.000 0.000 0.000
1.963 0.545 0.487 59864.326 0.000 0.000 0.000
1.976 0.549 0.493 59872.662 0.000 0.000 0.000
1.989 0.553 0.500 59880.998 0.000 0.000 0.000
2.007 0.555 0.503 59889.334 0.000 0.000 0.000
2.014 0.557 0.509 59897.671 0.000 0.000 0.000
2.070 0.566 0.515 59931.016 0.000 0.000 0.000
2.086 0.569 0.514 59939.352 0.000 0.000 0.000
2.094 0.716 0.314 60497.881 0.000 0.000 0.000
2.081 0.719 0.310 60506.217 0.000 0.000 0.000
2.068 0.718 0.307 60514.553 0.000 0.000 0.000
2.054 0.721 0.301 60522.889 0.000 0.000 0.000
2.044 0.723 0.294 60531.226 0.000 0.000 0.000
2.034 0.725 0.285 60539.562 0.000 0.000 0.000
2.019 0.728 0.278 60547.898 0.000 0.000 0.000
2.005 0.728 0.272 60556.234 0.000 0.000 0.000
1.994 0.730 0.259 60564.571 0.000 0.000 0.000
1.978 0.733 0.251 60572.907 0.000 0.000 0.000
1.967 0.735 0.239 60581.243 0.000 0.000 0.000
1.951 0.738 0.230 60589.579 0.000 0.000 0.000
1.945 0.738 0.216 60597.916 0.000 0.000 0.000
1.925 0.739 0.208 60606.252 0.000 0.000 0.000
1.913 0.741 0.195 60614.588 0.000 0.000 0.000
1.905 0.742 0.178 60622.924 0.000 0.000 0.000
1.887 0.746 0.163 60631.261 0.000 0.000 0.000
1.875 0.748 0.150 60639.597 0.000 0.000 0.000
1.867 0.748 0.131 60647.933 0.000 0.000 0.000
1.855 0.750 0.116 60656.269 0.000 0.000 0.000
1.842 0.753 0.100 60664.606 0.000 0.000 0.000
1.828 0.755 0.082 60672.942 0.000 0.000 0.000
1.814 0.757 0.064 60681.278 0.000 0.000 0.000
1.806 0.758 0.044 60689.614 0.000 0.000 0.000
1.791 0.760 0.025 60697.951 0.000 0.000 0.000
1.783 0.761 0.005 60706.287 0.000 0.000 0.000
1.770 0.761 0.015 60714.623 0.000 0.000 0.000
1.766 0.763 0.031 60722.959 0.000 0.000 0.000
1.757 0.766 0.050 60731.296 0.000 0.000 0.000
1.753 0.768 0.066 60739.632 0.000 0.000 0.000
1.745 0.768 0.083 60747.968 0.000 0.000 0.000
1.740 0.770 0.098 60756.304 0.000 0.000 0.000
1.730 0.773 0.113 60764.641 0.000 0.000 0.000
1.724 0.775 0.125 60772.977 0.000 0.000 0.000
1.720 0.777 0.139 60781.313 0.000 0.000 0.000
1.700 0.781 0.181 60814.658 0.000 0.000 0.000
1.694 0.783 0.191 60822.994 0.000 0.000 0.000
1.686 0.785 0.198 60831.331 0.000 0.000 0.000
1.685 0.786 0.206 60839.667 0.000 0.000 0.000
1.677 0.788 0.214 60848.003 0.000 0.000 0.000
1.666 0.791 0.224 60856.339 0.000 0.000 0.000
1.659 0.794 0.231 60864.676 0.000 0.000 0.000
1.656 0.795 0.236 60873.012 0.000 0.000 0.000
1.645 0.795 0.244 60881.348 0.000 0.000 0.000
1.644 0.798 0.244 60889.684 0.000 0.000 0.000
1.632 0.798 0.249 60898.021 0.000 0.000 0.000
1.626 0.803 0.252 60906.357 0.000 0.000 0.000
1.623 0.800 0.253 60914.693 0.000 0.000 0.000
1.618 0.805 0.255 60923.029 0.000 0.000 0.000
1.571 0.815 0.244 60989.719 0.000 0.000 0.000
1.565 0.816 0.241 60998.056 0.000 0.000 0.000
1.558 0.818 0.237 61006.392 0.000 0.000 0.000
1.550 0.819 0.232 61014.728 0.000 0.000 0.000
1.546 0.820 0.223 61023.064 0.000 0.000 0.000
1.538 0.821 0.216 61031.401 0.000 0.000 0.000
1.534 0.825 0.208 61039.737 0.000 0.000 0.000
1.526 0.826 0.202 61048.073 0.000 0.000 0.000
1.520 0.827 0.187 61056.409 0.000 0.000 0.000
1.515 0.831 0.178 61064.746 0.000 0.000 0.000
1.506 0.832 0.168 61073.082 0.000 0.000 0.000
1.501 0.836 0.159 61081.418 0.000 0.000 0.000
1.490 0.836 0.126 61106.427 0.000 0.000 0.000
1.484 0.837 0.113 61114.763 0.000 0.000 0.000
1.477 0.837 0.099 61123.099 0.000 0.000 0.000
1.472 0.841 0.075 61131.436 0.000 0.000 0.000
1.466 0.841 0.060 61139.772 0.000 0.000 0.000
1.459 0.842 0.045 61148.108 0.000 0.000 0.000
1.455 0.845 0.027 61156.444 0.000 0.000 0.000
1.447 0.846 0.010 61164.781 0.000 0.000 0.000
1.443 0.847 0.012 61173.117 0.000 0.000 0.000
1.435 0.850 0.029 61181.453 0.000 0.000 0.000
1.432 0.851 0.044 61189.789 0.000 0.000 0.000
1.424 0.854 0.059 61198.126 0.000 0.000 0.000
1.420 0.856 0.073 61206.462 0.000 0.000 0.000
1.416 0.857 0.085 61214.798 0.000 0.000 0.000
1.411 0.859 0.096 61223.134 0.000 0.000 0.000
1.403 0.862 0.111 61231.471 0.000 0.000 0.000
1.398 0.864 0.122 61239.807 0.000 0.000 0.000
1.393 0.865 0.132 61248.143 0.000 0.000 0.000
1.388 0.867 0.142 61256.479 0.000 0.000 0.000
1.382 0.869 0.150 61264.816 0.000 0.000 0.000
1.373 0.869 0.161 61273.152 0.000 0.000 0.000
1.367 0.871 0.168 61281.488 0.000 0.000 0.000
1.364 0.872 0.173 61289.824 0.000 0.000 0.000
1.358 0.873 0.180 61298.161 0.000 0.000 0.000
1.355 0.874 0.184 61306.497 0.000 0.000 0.000
1.352 0.878 0.189 61314.833 0.000 0.000 0.000
1.342 0.878 0.196 61323.169 0.000 0.000 0.000
1.338 0.879 0.197 61331.506 0.000 0.000 0.000
1.333 0.883 0.200 61339.842 0.000 0.000 0.000
1.326 0.885 0.203 61348.178 0.000 0.000 0.000
1.322 0.886 0.205 61356.514 0.000 0.000 0.000
0.305 0.365 0.363 61381.523 0.000 0.000 0.000
0.274 0.244 0.532 61389.859 0.000 0.000 0.000
1.262 0.904 0.179 61448.213 0.000 0.000 0.000
1.259 0.904 0.172 61456.549 0.000 0.000 0.000
1.251 0.906 0.165 61464.886 0.000 0.000 0.000
1.244 0.907 0.159 61473.222 0.000 0.000 0.000
1.240 0.908 0.149 61481.558 0.000 0.000 0.000
1.235 0.911 0.141 61489.894 0.000 0.000 0.000
1.231 0.912 0.131 61498.231 0.000 0.000 0.000
1.226 0.912 0.121 61506.567 0.000 0.000 0.000
1.220 0.916 0.109 61514.903 0.000 0.000 0.000
1.215 0.916 0.100 61523.239 0.000 0.000 0.000
1.214 0.919 0.089 61531.576 0.000 0.000 0.000
1.099 0.963 0.167 61764.991 0.000 0.000 0.000
1.091 0.964 0.169 61773.327 0.000 0.000 0.000
1.075 0.971 0.164 61806.672 0.000 0.000 0.000
1.073 0.971 0.159 61815.008 0.000 0.000 0.000
1.074 0.973 0.153 61823.344 0.000 0.000 0.000
1.071 0.973 0.148 61831.681 0.000 0.000 0.000
1.065 0.974 0.144 61840.017 0.000 0.000 0.000
1.065 0.977 0.136 61848.353 0.000 0.000 0.000
1.062 0.977 0.130 61856.689 0.000 0.000 0.000
1.058 0.980 0.123 61865.026 0.000 0.000 0.000
1.054 0.981 0.115 61873.362 0.000 0.000 0.000
1.053 0.983 0.106 61881.698 0.000 0.000 0.000
1.049 0.983 0.097 61890.034 0.000 0.000 0.000
1.045 0.984 0.088 61898.371 0.000 0.000 0.000
1.043 0.986 0.077 61906.707 0.000 0.000 0.000
1.038 0.990 0.069 61915.043 0.000 0.000 0.000
1.032 0.990 0.056 61923.379 0.000 0.000 0.000
1.030 0.993 0.043 61931.716 0.000 0.000 0.000
1.025 0.994 0.033 61940.052 0.000 0.000 0.000
1.007 1.002 0.080 62006.742 0.000 0.000 0.000
1.003 1.004 0.089 62015.078 0.000 0.000 0.000
0.999 1.005 0.098 62023.414 0.000 0.000 0.000
0.994 1.006 0.105 62031.751 0.000 0.000 0.000
0.992 1.007 0.109 62040.087 0.000 0.000 0.000
0.987 1.009 0.118 62048.423 0.000 0.000 0.000
0.982 1.010 0.124 62056.759 0.000 0.000 0.000
0.979 1.011 0.127 62065.096 0.000 0.000 0.000
0.977 1.011 0.132 62073.432 0.000 0.000 0.000
0.971 1.013 0.135 62081.768 0.000 0.000 0.000
0.967 1.014 0.137 62090.104 0.000 0.000 0.000
0.966 1.017 0.138 62098.441 0.000 0.000 0.000
0.963 1.017 0.140 62106.777 0.000 0.000 0.000
0.960 1.018 0.141 62115.113 0.000 0.000 0.000
0.941 1.024 0.138 62156.794 0.000 0.000 0.000
0.932 1.026 0.134 62165.131 0.000 0.000 0.000
0.932 1.029 0.129 62173.467 0.000 0.000 0.000
0.928 1.030 0.128 62181.803 0.000 0.000 0.000
0.927 1.032 0.120 62190.139 0.000 0.000 0.000
0.921 1.033 0.116 62198.476 0.000 0.000 0.000
0.918 1.033 0.110 62206.812 0.000 0.000 0.000
0.922 1.032 0.100 62215.148 0.000 0.000 0.000
0.917 1.035 0.092 62223.484 0.000 0.000 0.000
0.913 1.036 0.083 62231.821 0.000 0.000 0.000
0.909 1.036 0.075 62240.157 0.000 0.000 0.000
0.909 1.040 0.064 62248.493 0.000 0.000 0.000
