1.914 0.424 0.191 12358.515 0.000 0.000 0.000
1.934 0.427 0.212 12366.851 0.000 0.000 0.000
1.967 0.428 0.241 12375.188 0.000 0.000 0.000
1.981 0.433 0.262 12383.524 0.000 0.000 0.000
2.000 0.436 0.280 12391.860 0.000 0.000 0.000
2.073 0.423 0.297 12400.196 0.000 0.000 0.000
2.158 0.405 0.314 12408.532 0.000 0.000 0.000
2.182 0.407 0.328 12416.869 0.000 0.000 0.000
2.223 0.403 0.340 12425.205 0.000 0.000 0.000
2.301 0.387 0.351 12433.541 0.000 0.000 0.000
2.306 0.395 0.362 12441.878 0.000 0.000 0.000
2.335 0.394 0.371 12450.214 0.000 0.000 0.000
2.357 0.396 0.379 12458.550 0.000 0.000 0.000
2.442 0.379 0.383 12466.886 0.000 0.000 0.000
2.402 0.400 0.394 12475.223 0.000 0.000 0.000
2.417 0.400 0.401 12483.559 0.000 0.000 0.000
2.433 0.408 0.407 12491.895 0.000 0.000 0.000
2.461 0.408 0.411 12500.231 0.000 0.000 0.000
2.469 0.414 0.416 12508.567 0.000 0.000 0.000
2.510 0.411 0.419 12516.904 0.000 0.000 0.000
2.512 0.419 0.425 12525.240 0.000 0.000 0.000
2.526 0.419 0.428 12533.576 0.000 0.000 0.000
2.541 0.427 0.432 12541.913 0.000 0.000 0.000
2.542 0.431 0.436 12550.249 0.000 0.000 0.000
2.576 0.434 0.435 12558.585 0.000 0.000 0.000
2.577 0.438 0.439 12566.921 0.000 0.000 0.000
2.597 0.440 0.439 12575.258 0.000 0.000 0.000
2.630 0.439 0.436 12583.594 0.000 0.000 0.000
2.636 0.445 0.434 12591.930 0.000 0.000 0.000
2.650 0.449 0.436 12600.266 0.000 0.000 0.000
2.657 0.456 0.436 12608.603 0.000 0.000 0.000
2.677 0.458 0.433 12616.939 0.000 0.000 0.000
2.690 0.463 0.431 12625.275 0.000 0.000 0.000
2.716 0.464 0.426 12633.611 0.000 0.000 0.000
2.742 0.464 0.419 12641.948 0.000 0.000 0.000
2.763 0.467 0.415 12650.284 0.000 0.000 0.000
2.748 0.475 0.417 12658.620 0.000 0.000 0.000
2.766 0.478 0.408 12666.956 0.000 0.000 0.000
2.793 0.479 0.401 12675.293 0.000 0.000 0.000
2.813 0.481 0.395 12683.629 0.000 0.000 0.000
2.833 0.484 0.390 12691.965 0.000 0.000 0.000
2.838 0.487 0.382 12700.301 0.000 0.000 0.000
2.865 0.488 0.372 12708.638 0.000 0.000 0.000
2.861 0.496 0.366 12716.974 0.000 0.000 0.000
2.890 0.497 0.357 12725.310 0.000 0.000 0.000
2.909 0.496 0.346 12733.646 0.000 0.000 0.000
2.929 0.499 0.338 12741.983 0.000 0.000 0.000
3.004 0.488 0.318 12750.319 0.000 0.000 0.000
2.877 0.527 0.318 12758.655 0.000 0.000 0.000
2.972 0.507 0.305 12766.991 0.000 0.000 0.000
2.976 0.514 0.295 12775.327 0.000 0.000 0.000
3.011 0.514 0.281 12783.664 0.000 0.000 0.000
3.016 0.516 0.271 12792.000 0.000 0.000 0.000
3.035 0.519 0.259 12800.336 0.000 0.000 0.000
3.045 0.524 0.243 12808.673 0.000 0.000 0.000
3.057 0.525 0.231 12817.009 0.000 0.000 0.000
3.067 0.530 0.217 12825.345 0.000 0.000 0.000
3.071 0.533 0.205 12833.681 0.000 0.000 0.000
3.089 0.537 0.189 12842.018 0.000 0.000 0.000
3.101 0.537 0.176 12850.354 0.000 0.000 0.000
3.140 0.547 0.131 12875.362 0.000 0.000 0.000
3.193 0.537 0.117 12883.699 0.000 0.000 0.000
3.159 0.553 0.096 12892.035 0.000 0.000 0.000
3.220 0.541 0.086 12900.371 0.000 0.000 0.000
3.178 0.560 0.061 12908.708 0.000 0.000 0.000
