1.845 0.488 0.230 19476.283 2.434 0.054 2.643
1.867 0.488 0.253 19484.619 2.424 0.091 2.495
1.887 0.489 0.274 19492.955 2.340 0.149 2.239
1.903 0.491 0.289 19501.291 2.166 0.148 1.923
1.923 0.493 0.304 19509.629 2.227 0.121 1.800
1.942 0.494 0.318 19517.965 2.187 0.081 1.722
1.959 0.494 0.332 19526.301 2.205 0.037 1.665
1.977 0.493 0.347 19534.637 2.184 0.023 1.661
1.996 0.494 0.361 19542.973 2.238 0.070 1.514
2.015 0.495 0.372 19551.309 2.236 0.088 1.410
2.034 0.496 0.384 19559.646 2.163 0.079 1.317
2.051 0.496 0.394 19567.982 2.126 0.075 1.237
2.069 0.497 0.404 19576.318 2.086 0.081 1.144
2.086 0.497 0.414 19584.654 2.003 0.055 1.100
2.102 0.498 0.422 19592.990 2.047 0.087 1.004
2.119 0.499 0.431 19601.326 2.090 0.066 0.856
2.136 0.499 0.437 19609.664 2.047 0.025 0.767
2.154 0.499 0.443 19618.000 2.111 0.051 0.669
2.172 0.500 0.448 19626.336 2.162 0.034 0.593
2.189 0.500 0.452 19634.672 2.148 0.046 0.476
2.208 0.500 0.456 19643.008 2.122 0.082 0.485
2.227 0.501 0.459 19651.344 2.033 0.140 0.396
2.242 0.502 0.463 19659.680 2.033 0.100 0.302
2.255 0.505 0.466 19668.018 2.491 -0.058 0.150
2.272 0.505 0.468 19676.354 3.988 -0.497 -0.139
2.308 0.500 0.465 19684.689 6.194 -1.130 -0.579
2.374 0.486 0.458 19693.025 8.298 -1.777 -0.967
2.464 0.465 0.447 19701.361 8.914 -1.893 -1.119
2.552 0.446 0.435 19709.697 7.907 -1.534 -1.104
2.620 0.432 0.425 19718.035 4.103 -0.463 -0.613
2.630 0.436 0.423 19726.371 0.942 0.433 -0.220
2.610 0.448 0.425 19734.707 -1.066 0.946 0.042
2.574 0.463 0.429 19743.043 0.513 0.460 -0.307
2.585 0.464 0.425 19751.379 2.175 -0.033 -0.600
2.637 0.454 0.415 19759.715 4.265 -0.539 -0.989
2.683 0.447 0.404 19768.053 4.247 -0.507 -1.044
2.731 0.440 0.394 19776.389 1.865 0.123 -0.746
2.717 0.449 0.392 19784.725 -0.876 0.868 -0.374
2.688 0.462 0.392 19793.061 0.874 0.384 -0.720
2.690 0.466 0.386 19801.396 1.873 0.058 -0.913
2.728 0.461 0.375 19809.732 1.758 0.139 -1.005
2.768 0.458 0.359 19822.238 2.786 -0.144 -1.239
2.787 0.460 0.345 19834.742 1.344 0.206 -1.117
2.727 0.485 0.341 19847.246 0.871 0.330 -1.106
2.756 0.483 0.325 19859.750 2.771 -0.175 -1.451
2.814 0.474 0.303 19872.256 3.837 -0.390 -1.647
2.891 0.461 0.279 19884.760 2.496 -0.082 -1.713
2.905 0.463 0.265 19893.096 0.935 0.364 -1.627
2.882 0.474 0.254 19901.432 -0.959 0.835 -1.504
2.863 0.483 0.241 19909.768 -0.565 0.644 -1.537
2.857 0.488 0.228 19918.104 0.308 0.437 -1.633
2.894 0.486 0.207 19930.609 0.851 0.316 -2.032
2.894 0.492 0.180 19943.113 -0.235 0.520 -2.377
2.867 0.504 0.144 19955.617 -0.716 0.654 -2.687
