1.742 0.421 0.303 12839.539 0.000 0.000 0.000
1.751 0.424 0.324 12847.876 0.000 0.000 0.000
1.768 0.427 0.340 12856.212 0.000 0.000 0.000
1.785 0.426 0.356 12864.548 0.000 0.000 0.000
1.797 0.431 0.372 12872.884 0.000 0.000 0.000
1.813 0.431 0.385 12881.221 0.000 0.000 0.000
1.820 0.430 0.403 12889.557 0.000 0.000 0.000
1.837 0.429 0.418 12897.893 0.000 0.000 0.000
1.852 0.433 0.430 12906.229 0.000 0.000 0.000
1.867 0.436 0.442 12914.566 0.000 0.000 0.000
1.878 0.437 0.454 12922.902 0.000 0.000 0.000
1.898 0.439 0.464 12931.238 0.000 0.000 0.000
1.908 0.440 0.475 12939.574 0.000 0.000 0.000
1.922 0.440 0.484 12947.911 0.000 0.000 0.000
1.932 0.442 0.494 12956.247 0.000 0.000 0.000
1.941 0.440 0.505 12964.583 0.000 0.000 0.000
1.958 0.445 0.507 12972.919 0.000 0.000 0.000
1.972 0.445 0.514 12981.256 0.000 0.000 0.000
1.985 0.448 0.522 12989.592 0.000 0.000 0.000
1.998 0.448 0.527 12997.928 0.000 0.000 0.000
2.016 0.450 0.530 13006.264 0.000 0.000 0.000
2.028 0.451 0.535 13014.601 0.000 0.000 0.000
2.036 0.452 0.540 13022.937 0.000 0.000 0.000
2.052 0.451 0.540 13031.273 0.000 0.000 0.000
2.064 0.454 0.542 13039.609 0.000 0.000 0.000
2.080 0.457 0.542 13047.946 0.000 0.000 0.000
2.096 0.459 0.541 13056.282 0.000 0.000 0.000
2.099 0.516 0.296 14123.322 0.000 0.000 0.000
2.099 0.515 0.322 14148.331 0.000 0.000 0.000
2.096 0.516 0.330 14156.667 0.000 0.000 0.000
2.099 0.516 0.336 14165.003 0.000 0.000 0.000
2.092 0.515 0.346 14173.339 0.000 0.000 0.000
2.093 0.515 0.349 14181.676 0.000 0.000 0.000
2.096 0.515 0.355 14190.012 0.000 0.000 0.000
2.097 0.515 0.359 14198.348 0.000 0.000 0.000
2.093 0.512 0.362 14206.684 0.000 0.000 0.000
2.090 0.514 0.367 14215.021 0.000 0.000 0.000
2.090 0.514 0.368 14223.357 0.000 0.000 0.000
2.091 0.514 0.370 14231.693 0.000 0.000 0.000
2.090 0.514 0.368 14240.029 0.000 0.000 0.000
2.091 0.514 0.370 14248.366 0.000 0.000 0.000
2.090 0.514 0.368 14256.702 0.000 0.000 0.000
2.085 0.512 0.370 14265.038 0.000 0.000 0.000
1.022 0.206 0.342 14323.392 0.000 0.000 0.000
2.080 0.508 0.266 14398.418 0.000 0.000 0.000
2.081 0.507 0.254 14406.754 0.000 0.000 0.000
2.080 0.506 0.239 14415.091 0.000 0.000 0.000
2.082 0.505 0.230 14423.427 0.000 0.000 0.000
2.073 0.506 0.167 14456.772 0.000 0.000 0.000
2.072 0.505 0.151 14465.108 0.000 0.000 0.000
2.077 0.506 0.134 14473.444 0.000 0.000 0.000
2.080 0.507 0.114 14481.781 0.000 0.000 0.000
2.078 0.506 0.095 14490.117 0.000 0.000 0.000
2.081 0.507 0.073 14498.453 0.000 0.000 0.000
2.079 0.506 0.054 14506.789 0.000 0.000 0.000
2.077 0.505 0.036 14515.126 0.000 0.000 0.000
2.073 0.505 0.014 14523.462 0.000 0.000 0.000
2.069 0.505 0.004 14531.798 0.000 0.000 0.000
2.070 0.506 0.021 14540.134 0.000 0.000 0.000
2.067 0.505 0.042 14548.471 0.000 0.000 0.000
2.069 0.506 0.059 14556.807 0.000 0.000 0.000
2.065 0.505 0.078 14565.143 0.000 0.000 0.000
2.065 0.506 0.093 14573.479 0.000 0.000 0.000
2.066 0.507 0.108 14581.816 0.000 0.000 0.000
2.061 0.506 0.125 14590.152 0.000 0.000 0.000
2.066 0.505 0.136 14598.488 0.000 0.000 0.000
2.061 0.504 0.151 14606.824 0.000 0.000 0.000
2.061 0.506 0.166 14615.161 0.000 0.000 0.000
2.055 0.505 0.178 14623.497 0.000 0.000 0.000
2.060 0.504 0.189 14631.833 0.000 0.000 0.000
2.053 0.503 0.201 14640.169 0.000 0.000 0.000
2.052 0.505 0.211 14648.506 0.000 0.000 0.000
2.056 0.504 0.221 14656.842 0.000 0.000 0.000
2.049 0.503 0.231 14665.178 0.000 0.000 0.000
2.052 0.503 0.237 14673.514 0.000 0.000 0.000
2.049 0.505 0.245 14681.851 0.000 0.000 0.000
2.051 0.504 0.250 14690.187 0.000 0.000 0.000
2.044 0.504 0.260 14698.523 0.000 0.000 0.000
2.047 0.503 0.265 14706.859 0.000 0.000 0.000
2.048 0.503 0.270 14715.196 0.000 0.000 0.000
2.044 0.505 0.273 14723.532 0.000 0.000 0.000
2.041 0.502 0.278 14731.868 0.000 0.000 0.000
2.041 0.502 0.280 14740.204 0.000 0.000 0.000
2.042 0.502 0.281 14748.541 0.000 0.000 0.000
2.043 0.502 0.283 14756.877 0.000 0.000 0.000
2.038 0.504 0.285 14765.213 0.000 0.000 0.000
2.038 0.504 0.285 14773.549 0.000 0.000 0.000
2.038 0.504 0.285 14781.886 0.000 0.000 0.000
2.027 0.503 0.232 14881.921 0.000 0.000 0.000
2.024 0.503 0.225 14890.257 0.000 0.000 0.000
2.022 0.502 0.209 14898.593 0.000 0.000 0.000
2.024 0.501 0.199 14906.929 0.000 0.000 0.000
2.020 0.501 0.190 14915.266 0.000 0.000 0.000
2.020 0.500 0.177 14923.602 0.000 0.000 0.000
2.025 0.501 0.162 14931.938 0.000 0.000 0.000
2.021 0.501 0.152 14940.274 0.000 0.000 0.000
2.020 0.500 0.137 14948.611 0.000 0.000 0.000
2.020 0.503 0.123 14956.947 0.000 0.000 0.000
2.019 0.502 0.108 14965.283 0.000 0.000 0.000
2.018 0.501 0.093 14973.619 0.000 0.000 0.000
2.018 0.500 0.078 14981.956 0.000 0.000 0.000
2.011 0.500 0.062 14990.292 0.000 0.000 0.000
2.014 0.502 0.041 14998.628 0.000 0.000 0.000
2.013 0.501 0.025 15006.964 0.000 0.000 0.000
2.016 0.502 0.006 15015.301 0.000 0.000 0.000
2.016 0.502 0.006 15023.637 0.000 0.000 0.000
2.012 0.501 0.023 15031.973 0.000 0.000 0.000
2.012 0.502 0.038 15040.309 0.000 0.000 0.000
2.008 0.501 0.055 15048.646 0.000 0.000 0.000
2.009 0.502 0.070 15056.982 0.000 0.000 0.000
2.008 0.499 0.084 15065.318 0.000 0.000 0.000
2.009 0.500 0.097 15073.654 0.000 0.000 0.000
2.003 0.499 0.111 15081.991 0.000 0.000 0.000
2.003 0.501 0.124 15090.327 0.000 0.000 0.000
2.007 0.500 0.133 15098.663 0.000 0.000 0.000
2.001 0.499 0.145 15106.999 0.000 0.000 0.000
1.999 0.501 0.155 15115.336 0.000 0.000 0.000
2.003 0.500 0.165 15123.672 0.000 0.000 0.000
2.001 0.498 0.173 15132.008 0.000 0.000 0.000
1.999 0.499 0.181 15140.344 0.000 0.000 0.000
2.002 0.499 0.188 15148.681 0.000 0.000 0.000
1.995 0.498 0.198 15157.017 0.000 0.000 0.000
1.996 0.498 0.201 15165.353 0.000 0.000 0.000
1.994 0.499 0.209 15173.689 0.000 0.000 0.000
1.995 0.499 0.211 15182.026 0.000 0.000 0.000
1.996 0.499 0.214 15190.362 0.000 0.000 0.000
1.997 0.499 0.215 15198.698 0.000 0.000 0.000
1.993 0.497 0.220 15207.034 0.000 0.000 0.000
1.989 0.499 0.222 15215.371 0.000 0.000 0.000
1.989 0.498 0.224 15223.707 0.000 0.000 0.000
1.990 0.498 0.225 15232.043 0.000 0.000 0.000
1.989 0.498 0.224 15240.379 0.000 0.000 0.000
1.984 0.499 0.172 15340.414 0.000 0.000 0.000
1.989 0.496 0.159 15348.751 0.000 0.000 0.000
1.982 0.498 0.155 15357.087 0.000 0.000 0.000
1.984 0.497 0.145 15365.423 0.000 0.000 0.000
1.989 0.498 0.131 15373.759 0.000 0.000 0.000
1.990 0.500 0.120 15382.096 0.000 0.000 0.000
1.986 0.497 0.110 15390.432 0.000 0.000 0.000
1.980 0.498 0.097 15398.768 0.000 0.000 0.000
1.986 0.499 0.084 15407.104 0.000 0.000 0.000
1.985 0.497 0.069 15415.441 0.000 0.000 0.000
1.980 0.498 0.057 15423.777 0.000 0.000 0.000
1.980 0.497 0.043 15432.113 0.000 0.000 0.000
1.978 0.496 0.026 15440.449 0.000 0.000 0.000
1.977 0.499 0.009 15448.786 0.000 0.000 0.000
1.979 0.497 0.002 15457.122 0.000 0.000 0.000
1.974 0.496 0.018 15465.458 0.000 0.000 0.000
1.980 0.496 0.029 15473.794 0.000 0.000 0.000
1.969 0.496 0.045 15482.131 0.000 0.000 0.000
1.974 0.496 0.057 15490.467 0.000 0.000 0.000
1.968 0.495 0.070 15498.803 0.000 0.000 0.000
1.962 0.494 0.082 15507.139 0.000 0.000 0.000
1.962 0.495 0.095 15515.476 0.000 0.000 0.000
1.966 0.495 0.103 15523.812 0.000 0.000 0.000
1.964 0.496 0.112 15532.148 0.000 0.000 0.000
1.957 0.496 0.122 15540.484 0.000 0.000 0.000
1.955 0.493 0.130 15548.821 0.000 0.000 0.000
1.952 0.495 0.137 15557.157 0.000 0.000 0.000
1.955 0.495 0.143 15565.493 0.000 0.000 0.000
1.952 0.496 0.152 15573.829 0.000 0.000 0.000
1.949 0.494 0.157 15582.166 0.000 0.000 0.000
1.950 0.494 0.160 15590.502 0.000 0.000 0.000
1.941 0.493 0.165 15598.838 0.000 0.000 0.000
1.943 0.493 0.168 15607.174 0.000 0.000 0.000
1.944 0.493 0.170 15615.511 0.000 0.000 0.000
1.945 0.493 0.173 15623.847 0.000 0.000 0.000
1.936 0.492 0.177 15632.183 0.000 0.000 0.000
1.936 0.492 0.177 15640.519 0.000 0.000 0.000
1.936 0.492 0.177 15648.856 0.000 0.000 0.000
1.936 0.492 0.177 15657.192 0.000 0.000 0.000
1.930 0.490 0.175 15665.528 0.000 0.000 0.000
1.923 0.491 0.160 15707.209 0.000 0.000 0.000
1.921 0.491 0.155 15715.546 0.000 0.000 0.000
1.923 0.490 0.147 15723.882 0.000 0.000 0.000
1.921 0.490 0.142 15732.218 0.000 0.000 0.000
1.917 0.490 0.135 15740.554 0.000 0.000 0.000
1.919 0.489 0.126 15748.891 0.000 0.000 0.000
1.916 0.489 0.118 15757.227 0.000 0.000 0.000
1.912 0.490 0.109 15765.563 0.000 0.000 0.000
1.914 0.488 0.101 15773.899 0.000 0.000 0.000
1.910 0.489 0.091 15782.236 0.000 0.000 0.000
1.910 0.488 0.078 15790.572 0.000 0.000 0.000
1.905 0.488 0.067 15798.908 0.000 0.000 0.000
1.906 0.487 0.055 15807.244 0.000 0.000 0.000
1.910 0.488 0.039 15815.581 0.000 0.000 0.000
1.905 0.488 0.028 15823.917 0.000 0.000 0.000
1.905 0.487 0.014 15832.253 0.000 0.000 0.000
1.904 0.486 -0.000 15840.589 0.000 0.000 0.000
1.902 0.487 0.008 15848.926 0.000 0.000 0.000
1.898 0.486 0.025 15857.262 0.000 0.000 0.000
1.902 0.486 0.034 15865.598 0.000 0.000 0.000
1.897 0.485 0.048 15873.934 0.000 0.000 0.000
1.895 0.486 0.058 15882.271 0.000 0.000 0.000
1.894 0.484 0.068 15890.607 0.000 0.000 0.000
1.889 0.483 0.081 15898.943 0.000 0.000 0.000
1.892 0.483 0.087 15907.279 0.000 0.000 0.000
1.895 0.483 0.094 15915.616 0.000 0.000 0.000
1.888 0.482 0.104 15923.952 0.000 0.000 0.000
1.891 0.482 0.110 15932.288 0.000 0.000 0.000
1.888 0.483 0.115 15940.624 0.000 0.000 0.000
1.886 0.481 0.123 15948.961 0.000 0.000 0.000
1.887 0.481 0.126 15957.297 0.000 0.000 0.000
1.884 0.479 0.131 15965.633 0.000 0.000 0.000
1.881 0.480 0.137 15973.969 0.000 0.000 0.000
1.881 0.480 0.138 15982.306 0.000 0.000 0.000
1.882 0.480 0.140 15990.642 0.000 0.000 0.000
1.878 0.478 0.143 15998.978 0.000 0.000 0.000
1.878 0.478 0.143 16007.314 0.000 0.000 0.000
1.878 0.478 0.143 16015.651 0.000 0.000 0.000
1.878 0.478 0.143 16023.987 0.000 0.000 0.000
1.863 0.473 0.120 16090.677 0.000 0.000 0.000
1.864 0.472 0.110 16099.013 0.000 0.000 0.000
1.866 0.474 0.102 16107.349 0.000 0.000 0.000
1.863 0.471 0.096 16115.686 0.000 0.000 0.000
1.860 0.471 0.088 16124.022 0.000 0.000 0.000
1.861 0.470 0.078 16132.358 0.000 0.000 0.000
1.857 0.470 0.070 16140.694 0.000 0.000 0.000
1.858 0.469 0.057 16149.031 0.000 0.000 0.000
1.854 0.470 0.050 16157.367 0.000 0.000 0.000
1.859 0.470 0.035 16165.703 0.000 0.000 0.000
1.859 0.469 0.023 16174.039 0.000 0.000 0.000
1.854 0.470 0.010 16182.376 0.000 0.000 0.000
1.854 0.469 -0.001 16190.712 0.000 0.000 0.000
1.853 0.466 0.009 16199.048 0.000 0.000 0.000
1.852 0.467 0.020 16207.384 0.000 0.000 0.000
1.848 0.467 0.035 16215.721 0.000 0.000 0.000
1.851 0.466 0.043 16224.057 0.000 0.000 0.000
1.849 0.464 0.051 16232.393 0.000 0.000 0.000
1.848 0.465 0.060 16240.729 0.000 0.000 0.000
1.846 0.463 0.068 16249.066 0.000 0.000 0.000
1.844 0.464 0.076 16257.402 0.000 0.000 0.000
1.847 0.464 0.082 16265.738 0.000 0.000 0.000
1.848 0.464 0.087 16274.074 0.000 0.000 0.000
1.846 0.462 0.094 16282.411 0.000 0.000 0.000
1.843 0.463 0.099 16290.747 0.000 0.000 0.000
1.840 0.461 0.104 16299.083 0.000 0.000 0.000
1.837 0.463 0.109 16307.419 0.000 0.000 0.000
1.838 0.462 0.112 16315.756 0.000 0.000 0.000
1.838 0.462 0.114 16324.092 0.000 0.000 0.000
1.839 0.462 0.113 16332.428 0.000 0.000 0.000
1.835 0.460 0.117 16340.764 0.000 0.000 0.000
1.815 0.454 0.018 16499.153 0.000 0.000 0.000
1.816 0.451 -0.001 16507.489 0.000 0.000 0.000
1.815 0.449 0.009 16515.826 0.000 0.000 0.000
1.814 0.450 0.019 16524.162 0.000 0.000 0.000
1.814 0.448 0.030 16532.498 0.000 0.000 0.000
1.812 0.449 0.038 16540.834 0.000 0.000 0.000
1.810 0.447 0.046 16549.171 0.000 0.000 0.000
1.804 0.447 0.057 16557.507 0.000 0.000 0.000
1.806 0.446 0.063 16565.843 0.000 0.000 0.000
1.809 0.446 0.069 16574.179 0.000 0.000 0.000
1.802 0.446 0.076 16582.516 0.000 0.000 0.000
1.803 0.445 0.079 16590.852 0.000 0.000 0.000
1.800 0.443 0.084 16599.188 0.000 0.000 0.000
1.801 0.443 0.087 16607.524 0.000 0.000 0.000
1.802 0.443 0.090 16615.861 0.000 0.000 0.000
1.795 0.443 0.097 16624.197 0.000 0.000 0.000
1.795 0.443 0.097 16632.533 0.000 0.000 0.000
1.795 0.443 0.097 16640.869 0.000 0.000 0.000
1.790 0.441 0.099 16649.206 0.000 0.000 0.000
1.795 0.439 0.097 16657.542 0.000 0.000 0.000
1.784 0.435 0.060 16740.904 0.000 0.000 0.000
1.786 0.434 0.051 16749.241 0.000 0.000 0.000
1.782 0.434 0.044 16757.577 0.000 0.000 0.000
1.783 0.433 0.034 16765.913 0.000 0.000 0.000
1.780 0.433 0.026 16774.249 0.000 0.000 0.000
1.781 0.432 0.015 16782.586 0.000 0.000 0.000
1.781 0.431 0.003 16790.922 0.000 0.000 0.000
1.779 0.431 -0.001 16799.258 0.000 0.000 0.000
1.778 0.429 0.008 16807.594 0.000 0.000 0.000
1.772 0.428 0.020 16815.931 0.000 0.000 0.000
1.775 0.428 0.027 16824.267 0.000 0.000 0.000
1.770 0.427 0.038 16832.603 0.000 0.000 0.000
1.771 0.427 0.043 16840.939 0.000 0.000 0.000
1.774 0.427 0.049 16849.276 0.000 0.000 0.000
1.768 0.426 0.057 16857.612 0.000 0.000 0.000
1.769 0.426 0.062 16865.948 0.000 0.000 0.000
1.766 0.424 0.067 16874.284 0.000 0.000 0.000
1.768 0.424 0.070 16882.621 0.000 0.000 0.000
1.765 0.422 0.075 16890.957 0.000 0.000 0.000
1.765 0.422 0.077 16899.293 0.000 0.000 0.000
1.766 0.422 0.078 16907.629 0.000 0.000 0.000
1.761 0.420 0.080 16915.966 0.000 0.000 0.000
1.763 0.420 0.083 16924.302 0.000 0.000 0.000
1.748 0.413 0.035 17032.673 0.000 0.000 0.000
1.748 0.411 0.024 17041.009 0.000 0.000 0.000
1.748 0.410 0.013 17049.346 0.000 0.000 0.000
1.748 0.409 0.001 17057.682 0.000 0.000 0.000
1.748 0.409 0.001 17066.018 0.000 0.000 0.000
1.747 0.407 0.011 17074.354 0.000 0.000 0.000
1.746 0.408 0.021 17082.691 0.000 0.000 0.000
1.743 0.406 0.026 17091.027 0.000 0.000 0.000
1.746 0.406 0.034 17099.363 0.000 0.000 0.000
1.740 0.405 0.042 17107.699 0.000 0.000 0.000
1.742 0.405 0.047 17116.036 0.000 0.000 0.000
1.739 0.403 0.053 17124.372 0.000 0.000 0.000
1.741 0.403 0.056 17132.708 0.000 0.000 0.000
1.738 0.401 0.061 17141.044 0.000 0.000 0.000
1.733 0.402 0.063 17149.381 0.000 0.000 0.000
1.739 0.401 0.064 17157.717 0.000 0.000 0.000
1.740 0.401 0.066 17166.053 0.000 0.000 0.000
1.740 0.401 0.066 17174.389 0.000 0.000 0.000
1.726 0.392 0.011 17291.097 0.000 0.000 0.000
1.727 0.391 0.002 17299.433 0.000 0.000 0.000
1.726 0.391 -0.001 17307.769 0.000 0.000 0.000
1.724 0.389 0.005 17316.106 0.000 0.000 0.000
1.722 0.390 0.015 17324.442 0.000 0.000 0.000
1.720 0.388 0.021 17332.778 0.000 0.000 0.000
1.718 0.386 0.028 17341.114 0.000 0.000 0.000
1.716 0.387 0.036 17349.451 0.000 0.000 0.000
1.713 0.385 0.041 17357.787 0.000 0.000 0.000
1.715 0.385 0.045 17366.123 0.000 0.000 0.000
1.717 0.385 0.048 17374.459 0.000 0.000 0.000
1.714 0.383 0.053 17382.796 0.000 0.000 0.000
1.714 0.383 0.055 17391.132 0.000 0.000 0.000
1.711 0.381 0.058 17399.468 0.000 0.000 0.000
1.711 0.381 0.058 17407.804 0.000 0.000 0.000
1.711 0.381 0.058 17416.141 0.000 0.000 0.000
1.705 0.375 0.044 17474.494 0.000 0.000 0.000
1.704 0.375 0.041 17482.831 0.000 0.000 0.000
1.700 0.372 0.034 17491.167 0.000 0.000 0.000
1.702 0.370 0.026 17499.503 0.000 0.000 0.000
1.703 0.369 0.018 17507.839 0.000 0.000 0.000
1.701 0.369 0.012 17516.176 0.000 0.000 0.000
1.701 0.368 0.002 17524.512 0.000 0.000 0.000
1.700 0.368 -0.001 17532.848 0.000 0.000 0.000
1.699 0.365 0.009 17541.184 0.000 0.000 0.000
1.701 0.365 0.013 17549.521 0.000 0.000 0.000
1.695 0.365 0.023 17557.857 0.000 0.000 0.000
1.696 0.365 0.026 17566.193 0.000 0.000 0.000
1.694 0.363 0.033 17574.529 0.000 0.000 0.000
1.695 0.363 0.036 17582.866 0.000 0.000 0.000
1.692 0.361 0.039 17591.202 0.000 0.000 0.000
1.693 0.361 0.042 17599.538 0.000 0.000 0.000
1.689 0.359 0.046 17607.874 0.000 0.000 0.000
1.690 0.359 0.047 17616.211 0.000 0.000 0.000
1.690 0.359 0.047 17624.547 0.000 0.000 0.000
1.690 0.359 0.047 17632.883 0.000 0.000 0.000
1.684 0.350 0.010 17724.582 0.000 0.000 0.000
1.680 0.346 0.001 17732.918 0.000 0.000 0.000
1.681 0.346 0.004 17741.254 0.000 0.000 0.000
1.682 0.346 0.007 17749.591 0.000 0.000 0.000
1.681 0.344 0.015 17757.927 0.000 0.000 0.000
1.678 0.342 0.022 17766.263 0.000 0.000 0.000
1.675 0.344 0.027 17774.599 0.000 0.000 0.000
1.673 0.342 0.033 17782.936 0.000 0.000 0.000
1.674 0.341 0.035 17791.272 0.000 0.000 0.000
1.674 0.341 0.035 17799.608 0.000 0.000 0.000
1.675 0.338 0.037 17807.944 0.000 0.000 0.000
1.675 0.338 0.037 17816.281 0.000 0.000 0.000
1.676 0.338 0.039 17824.617 0.000 0.000 0.000
1.662 0.328 0.010 17907.979 0.000 0.000 0.000
1.664 0.327 0.002 17916.316 0.000 0.000 0.000
1.663 0.327 -0.001 17924.652 0.000 0.000 0.000
1.661 0.325 0.007 17932.988 0.000 0.000 0.000
1.662 0.325 0.010 17941.324 0.000 0.000 0.000
1.665 0.325 0.015 17949.661 0.000 0.000 0.000
1.662 0.323 0.021 17957.997 0.000 0.000 0.000
1.659 0.321 0.026 17966.333 0.000 0.000 0.000
1.660 0.321 0.029 17974.669 0.000 0.000 0.000
1.660 0.321 0.029 17983.006 0.000 0.000 0.000
1.657 0.319 0.034 17991.342 0.000 0.000 0.000
1.657 0.319 0.034 17999.678 0.000 0.000 0.000
1.657 0.319 0.034 18008.014 0.000 0.000 0.000
1.652 0.309 0.000 18099.713 0.000 0.000 0.000
1.647 0.308 0.002 18108.049 0.000 0.000 0.000
1.651 0.307 0.008 18116.386 0.000 0.000 0.000
1.648 0.305 0.015 18124.722 0.000 0.000 0.000
1.649 0.305 0.016 18133.058 0.000 0.000 0.000
1.646 0.303 0.023 18141.394 0.000 0.000 0.000
1.647 0.303 0.024 18149.731 0.000 0.000 0.000
1.647 0.303 0.024 18158.067 0.000 0.000 0.000
1.628 0.276 0.007 18424.827 0.000 0.000 0.000
1.624 0.274 0.011 18433.163 0.000 0.000 0.000
1.626 0.274 0.015 18441.499 0.000 0.000 0.000
1.627 0.274 0.017 18449.836 0.000 0.000 0.000
1.623 0.272 0.019 18458.172 0.000 0.000 0.000
1.624 0.272 0.022 18466.508 0.000 0.000 0.000
1.618 0.259 0.010 18574.879 0.000 0.000 0.000
1.607 0.245 0.013 18716.596 0.000 0.000 0.000
