1.698 0.468 0.214 279128.322 0.000 0.000 0.000
1.717 0.471 0.234 279136.658 0.000 0.000 0.000
1.740 0.475 0.253 279144.994 0.000 0.000 0.000
1.754 0.480 0.275 279153.331 0.000 0.000 0.000
1.771 0.483 0.292 279161.667 0.000 0.000 0.000
1.793 0.484 0.307 279170.003 0.000 0.000 0.000
1.810 0.487 0.324 279178.339 0.000 0.000 0.000
1.827 0.491 0.340 279186.676 0.000 0.000 0.000
1.848 0.496 0.353 279195.012 0.000 0.000 0.000
1.865 0.499 0.368 279203.348 0.000 0.000 0.000
1.881 0.502 0.382 279211.684 0.000 0.000 0.000
1.896 0.506 0.394 279220.021 0.000 0.000 0.000
1.917 0.507 0.406 279228.357 0.000 0.000 0.000
1.932 0.511 0.418 279236.693 0.000 0.000 0.000
1.947 0.514 0.429 279245.029 0.000 0.000 0.000
1.963 0.518 0.441 279253.366 0.000 0.000 0.000
1.986 0.522 0.446 279261.702 0.000 0.000 0.000
2.005 0.524 0.452 279270.038 0.000 0.000 0.000
2.019 0.527 0.461 279278.374 0.000 0.000 0.000
2.038 0.530 0.468 279286.711 0.000 0.000 0.000
2.051 0.533 0.474 279295.047 0.000 0.000 0.000
2.070 0.535 0.479 279303.383 0.000 0.000 0.000
2.083 0.539 0.486 279311.719 0.000 0.000 0.000
2.105 0.544 0.486 279320.056 0.000 0.000 0.000
2.123 0.546 0.489 279328.392 0.000 0.000 0.000
2.136 0.546 0.493 279336.728 0.000 0.000 0.000
2.158 0.551 0.493 279345.064 0.000 0.000 0.000
2.171 0.555 0.495 279353.401 0.000 0.000 0.000
2.188 0.558 0.495 279361.737 0.000 0.000 0.000
2.199 0.562 0.495 279370.073 0.000 0.000 0.000
2.221 0.563 0.492 279378.409 0.000 0.000 0.000
2.243 0.568 0.490 279386.746 0.000 0.000 0.000
2.253 0.568 0.487 279395.082 0.000 0.000 0.000
2.270 0.571 0.485 279403.418 0.000 0.000 0.000
2.281 0.575 0.482 279411.754 0.000 0.000 0.000
2.296 0.578 0.478 279420.091 0.000 0.000 0.000
2.317 0.583 0.470 279428.427 0.000 0.000 0.000
2.333 0.586 0.465 279436.763 0.000 0.000 0.000
2.349 0.589 0.459 279445.099 0.000 0.000 0.000
2.370 0.591 0.451 279453.436 0.000 0.000 0.000
2.379 0.595 0.444 279461.772 0.000 0.000 0.000
2.395 0.598 0.438 279470.108 0.000 0.000 0.000
2.415 0.600 0.426 279478.444 0.000 0.000 0.000
2.430 0.603 0.416 279486.781 0.000 0.000 0.000
2.451 0.605 0.404 279495.117 0.000 0.000 0.000
2.459 0.610 0.394 279503.453 0.000 0.000 0.000
2.474 0.610 0.382 279511.789 0.000 0.000 0.000
2.488 0.613 0.370 279520.126 0.000 0.000 0.000
2.513 0.621 0.350 279528.462 0.000 0.000 0.000
2.526 0.625 0.335 279536.798 0.000 0.000 0.000
2.548 0.626 0.320 279545.134 0.000 0.000 0.000
2.562 0.630 0.304 279553.471 0.000 0.000 0.000
2.592 0.626 0.290 279561.807 0.000 0.000 0.000
2.688 0.611 0.265 279570.143 0.000 0.000 0.000
2.802 0.591 0.241 279578.479 0.000 0.000 0.000
2.842 0.589 0.225 279586.816 0.000 0.000 0.000
2.842 0.592 0.208 279595.152 0.000 0.000 0.000
2.851 0.597 0.193 279603.488 0.000 0.000 0.000
2.859 0.603 0.175 279611.824 0.000 0.000 0.000
2.892 0.598 0.158 279620.161 0.000 0.000 0.000
2.899 0.604 0.139 279628.497 0.000 0.000 0.000
2.931 0.604 0.120 279636.833 0.000 0.000 0.000
2.931 0.607 0.102 279645.169 0.000 0.000 0.000
2.957 0.609 0.089 279653.506 0.000 0.000 0.000
2.955 0.614 0.083 279661.842 0.000 0.000 0.000
3.070 0.595 0.085 279670.178 0.000 0.000 0.000
3.006 0.620 0.086 279678.514 0.000 0.000 0.000
3.138 0.601 0.085 279686.851 0.000 0.000 0.000
3.156 0.607 0.082 279695.187 0.000 0.000 0.000
3.054 0.640 0.082 279703.523 0.000 0.000 0.000
3.089 0.641 0.084 279711.859 0.000 0.000 0.000
3.105 0.646 0.081 279720.196 0.000 0.000 0.000
3.130 0.650 0.078 279728.532 0.000 0.000 0.000
3.127 0.659 0.072 279736.868 0.000 0.000 0.000
3.178 0.657 0.069 279745.204 0.000 0.000 0.000
3.194 0.662 0.066 279753.541 0.000 0.000 0.000
3.191 0.672 0.058 279761.877 0.000 0.000 0.000
3.234 0.672 0.056 279770.213 0.000 0.000 0.000
3.221 0.683 0.046 279778.549 0.000 0.000 0.000
3.263 0.683 0.040 279786.886 0.000 0.000 0.000
3.278 0.689 0.030 279795.222 0.000 0.000 0.000
3.322 0.689 0.028 279803.558 0.000 0.000 0.000
3.337 0.694 0.018 279811.894 0.000 0.000 0.000
3.352 0.700 0.012 279820.231 0.000 0.000 0.000
3.367 0.701 0.004 279828.567 0.000 0.000 0.000
3.372 0.710 -0.009 279836.903 0.000 0.000 0.000
3.424 0.708 -0.019 279845.239 0.000 0.000 0.000
3.419 0.718 -0.031 279853.576 0.000 0.000 0.000
3.463 0.717 -0.036 279861.912 0.000 0.000 0.000
3.458 0.723 -0.051 279870.248 0.000 0.000 0.000
