1.696 0.429 0.367 60202.789 0.000 0.000 0.000
1.712 0.429 0.381 60211.125 0.000 0.000 0.000
1.728 0.428 0.394 60219.461 0.000 0.000 0.000
1.748 0.430 0.407 60227.798 0.000 0.000 0.000
1.764 0.430 0.421 60236.134 0.000 0.000 0.000
1.773 0.431 0.432 60244.470 0.000 0.000 0.000
1.788 0.431 0.443 60252.806 0.000 0.000 0.000
1.807 0.432 0.453 60261.142 0.000 0.000 0.000
1.822 0.432 0.464 60269.479 0.000 0.000 0.000
1.836 0.432 0.473 60277.815 0.000 0.000 0.000
1.850 0.432 0.481 60286.151 0.000 0.000 0.000
1.868 0.434 0.489 60294.488 0.000 0.000 0.000
1.885 0.432 0.494 60302.824 0.000 0.000 0.000
1.893 0.433 0.500 60311.160 0.000 0.000 0.000
1.907 0.433 0.507 60319.496 0.000 0.000 0.000
1.923 0.435 0.510 60327.832 0.000 0.000 0.000
1.936 0.435 0.516 60336.169 0.000 0.000 0.000
1.952 0.434 0.517 60344.505 0.000 0.000 0.000
1.969 0.436 0.520 60352.841 0.000 0.000 0.000
1.986 0.434 0.523 60361.177 0.000 0.000 0.000
2.002 0.436 0.522 60369.514 0.000 0.000 0.000
2.013 0.436 0.524 60377.850 0.000 0.000 0.000
2.024 0.437 0.524 60386.186 0.000 0.000 0.000
2.040 0.435 0.522 60394.522 0.000 0.000 0.000
2.055 0.437 0.521 60402.859 0.000 0.000 0.000
2.071 0.436 0.518 60411.195 0.000 0.000 0.000
2.081 0.436 0.517 60419.531 0.000 0.000 0.000
2.101 0.437 0.513 60427.867 0.000 0.000 0.000
2.116 0.436 0.506 60436.204 0.000 0.000 0.000
2.130 0.438 0.502 60444.540 0.000 0.000 0.000
2.139 0.439 0.497 60452.876 0.000 0.000 0.000
2.154 0.437 0.491 60461.212 0.000 0.000 0.000
2.168 0.440 0.484 60469.549 0.000 0.000 0.000
2.199 0.433 0.474 60477.885 0.000 0.000 0.000
2.278 0.416 0.460 60486.221 0.000 0.000 0.000
2.371 0.391 0.442 60494.557 0.000 0.000 0.000
2.368 0.399 0.434 60502.894 0.000 0.000 0.000
2.383 0.397 0.426 60511.230 0.000 0.000 0.000
2.392 0.398 0.418 60519.566 0.000 0.000 0.000
2.268 0.441 0.416 60527.902 0.000 0.000 0.000
2.422 0.399 0.395 60536.239 0.000 0.000 0.000
2.423 0.405 0.384 60544.575 0.000 0.000 0.000
2.458 0.398 0.373 60552.911 0.000 0.000 0.000
2.458 0.405 0.357 60561.247 0.000 0.000 0.000
2.441 0.445 0.206 60636.274 0.000 0.000 0.000
2.448 0.446 0.189 60644.610 0.000 0.000 0.000
2.460 0.445 0.169 60652.946 0.000 0.000 0.000
