1.200 0.449 0.470 743431.382 0.000 0.000 0.000
1.181 0.447 0.467 743439.718 0.000 0.000 0.000
1.160 0.442 0.462 743448.054 0.000 0.000 0.000
1.138 0.438 0.459 743456.391 0.000 0.000 0.000
1.119 0.437 0.455 743464.727 0.000 0.000 0.000
1.095 0.433 0.450 743473.063 0.000 0.000 0.000
1.075 0.432 0.444 743481.399 0.000 0.000 0.000
1.055 0.427 0.437 743489.736 0.000 0.000 0.000
1.034 0.422 0.430 743498.072 0.000 0.000 0.000
1.014 0.421 0.421 743506.408 0.000 0.000 0.000
0.993 0.416 0.413 743514.744 0.000 0.000 0.000
0.973 0.415 0.405 743523.081 0.000 0.000 0.000
0.952 0.410 0.394 743531.417 0.000 0.000 0.000
0.933 0.408 0.383 743539.753 0.000 0.000 0.000
0.912 0.406 0.372 743548.089 0.000 0.000 0.000
0.891 0.402 0.359 743556.426 0.000 0.000 0.000
0.875 0.398 0.347 743564.762 0.000 0.000 0.000
0.854 0.397 0.334 743573.098 0.000 0.000 0.000
0.832 0.392 0.321 743581.434 0.000 0.000 0.000
0.813 0.390 0.306 743589.771 0.000 0.000 0.000
0.796 0.386 0.289 743598.107 0.000 0.000 0.000
0.776 0.384 0.273 743606.443 0.000 0.000 0.000
0.759 0.380 0.257 743614.779 0.000 0.000 0.000
0.737 0.376 0.240 743623.116 0.000 0.000 0.000
0.720 0.375 0.224 743631.452 0.000 0.000 0.000
0.702 0.371 0.204 743639.788 0.000 0.000 0.000
0.683 0.368 0.182 743648.124 0.000 0.000 0.000
0.663 0.366 0.165 743656.461 0.000 0.000 0.000
0.635 0.359 0.137 743664.797 0.000 0.000 0.000
0.621 0.356 0.112 743673.133 0.000 0.000 0.000
0.389 0.315 0.105 743764.832 0.000 0.000 0.000
0.377 0.316 0.117 743773.168 0.000 0.000 0.000
0.365 0.316 0.130 743781.504 0.000 0.000 0.000
0.354 0.317 0.144 743789.841 0.000 0.000 0.000
0.341 0.319 0.156 743798.177 0.000 0.000 0.000
0.331 0.321 0.167 743806.513 0.000 0.000 0.000
0.319 0.322 0.177 743814.849 0.000 0.000 0.000
0.307 0.323 0.187 743823.186 0.000 0.000 0.000
0.295 0.324 0.196 743831.522 0.000 0.000 0.000
0.283 0.324 0.205 743839.858 0.000 0.000 0.000
0.273 0.325 0.216 743848.194 0.000 0.000 0.000
0.260 0.326 0.223 743856.531 0.000 0.000 0.000
0.247 0.327 0.230 743864.867 0.000 0.000 0.000
0.234 0.326 0.239 743873.203 0.000 0.000 0.000
0.222 0.327 0.246 743881.539 0.000 0.000 0.000
0.212 0.326 0.252 743889.876 0.000 0.000 0.000
0.198 0.327 0.256 743898.212 0.000 0.000 0.000
0.188 0.327 0.261 743906.548 0.000 0.000 0.000
0.176 0.327 0.266 743914.884 0.000 0.000 0.000
0.163 0.328 0.270 743923.221 0.000 0.000 0.000
0.150 0.326 0.274 743931.557 0.000 0.000 0.000
0.137 0.327 0.277 743939.893 0.000 0.000 0.000
0.127 0.328 0.277 743948.229 0.000 0.000 0.000
0.113 0.325 0.281 743956.566 0.000 0.000 0.000
0.103 0.326 0.280 743964.902 0.000 0.000 0.000
0.089 0.327 0.281 743973.238 0.000 0.000 0.000
0.076 0.325 0.283 743981.574 0.000 0.000 0.000
0.064 0.323 0.286 743989.911 0.000 0.000 0.000
0.047 0.317 0.295 743998.247 0.000 0.000 0.000
0.016 0.295 0.316 744006.583 0.000 0.000 0.000
