1.873 0.797 0.002 221665.080 0.000 0.000 0.000
1.868 0.795 0.004 221673.416 0.000 0.000 0.000
1.858 0.794 0.005 221681.753 0.000 0.000 0.000
1.859 0.790 0.005 221690.089 0.000 0.000 0.000
1.852 0.792 0.004 221698.425 0.000 0.000 0.000
1.847 0.789 0.002 221706.761 0.000 0.000 0.000
1.841 0.787 0.003 221715.097 0.000 0.000 0.000
1.837 0.785 0.003 221723.434 0.000 0.000 0.000
1.826 0.784 0.004 221731.770 0.000 0.000 0.000
1.826 0.784 0.004 221740.106 0.000 0.000 0.000
1.822 0.782 0.004 221748.443 0.000 0.000 0.000
1.817 0.780 0.005 221756.779 0.000 0.000 0.000
1.811 0.778 0.004 221765.115 0.000 0.000 0.000
1.805 0.775 0.002 221773.451 0.000 0.000 0.000
1.801 0.773 0.004 221781.787 0.000 0.000 0.000
1.796 0.771 0.003 221790.124 0.000 0.000 0.000
1.786 0.770 0.006 221798.460 0.000 0.000 0.000
1.781 0.768 0.006 221806.796 0.000 0.000 0.000
1.780 0.768 0.003 221815.133 0.000 0.000 0.000
1.775 0.766 0.001 221823.469 0.000 0.000 0.000
1.771 0.764 0.003 221831.805 0.000 0.000 0.000
1.765 0.762 0.002 221840.141 0.000 0.000 0.000
1.760 0.759 0.003 221848.477 0.000 0.000 0.000
1.755 0.757 0.001 221856.814 0.000 0.000 0.000
1.750 0.755 0.002 221865.150 0.000 0.000 0.000
1.745 0.753 0.002 221873.486 0.000 0.000 0.000
1.736 0.752 0.004 221881.823 0.000 0.000 0.000
1.731 0.750 0.005 221890.159 0.000 0.000 0.000
1.730 0.750 0.002 221898.495 0.000 0.000 0.000
1.724 0.748 0.001 221906.831 0.000 0.000 0.000
1.716 0.747 0.005 221915.167 0.000 0.000 0.000
1.710 0.745 0.003 221923.504 0.000 0.000 0.000
1.706 0.743 0.004 221931.840 0.000 0.000 0.000
1.701 0.741 0.004 221940.176 0.000 0.000 0.000
1.696 0.739 0.003 221948.513 0.000 0.000 0.000
1.692 0.736 0.005 221956.849 0.000 0.000 0.000
1.686 0.734 0.003 221965.185 0.000 0.000 0.000
1.685 0.735 0.000 221973.521 0.000 0.000 0.000
1.681 0.732 0.002 221981.857 0.000 0.000 0.000
1.676 0.730 0.001 221990.194 0.000 0.000 0.000
1.671 0.728 0.002 221998.530 0.000 0.000 0.000
1.667 0.726 0.002 222006.866 0.000 0.000 0.000
1.661 0.724 0.001 222015.203 0.000 0.000 0.000
1.657 0.722 0.001 222023.539 0.000 0.000 0.000
1.648 0.721 0.003 222031.875 0.000 0.000 0.000
1.643 0.719 0.002 222040.211 0.000 0.000 0.000
1.638 0.717 0.003 222048.547 0.000 0.000 0.000
1.633 0.715 0.001 222056.884 0.000 0.000 0.000
1.629 0.713 0.003 222065.220 0.000 0.000 0.000
1.624 0.711 0.002 222073.556 0.000 0.000 0.000
1.619 0.709 0.001 222081.893 0.000 0.000 0.000
1.610 0.708 0.005 222090.229 0.000 0.000 0.000
1.609 0.708 0.002 222098.565 0.000 0.000 0.000
1.604 0.706 0.001 222106.901 0.000 0.000 0.000
1.600 0.704 0.003 222115.237 0.000 0.000 0.000
1.595 0.702 0.001 222123.574 0.000 0.000 0.000
1.591 0.700 0.002 222131.910 0.000 0.000 0.000
1.586 0.698 0.002 222140.246 0.000 0.000 0.000
1.581 0.696 0.001 222148.583 0.000 0.000 0.000
1.577 0.694 0.003 222156.919 0.000 0.000 0.000
1.572 0.692 0.002 222165.255 0.000 0.000 0.000
1.567 0.690 0.000 222173.591 0.000 0.000 0.000
1.562 0.688 0.001 222181.927 0.000 0.000 0.000
1.558 0.686 0.001 222190.264 0.000 0.000 0.000
1.554 0.684 0.001 222198.600 0.000 0.000 0.000
1.549 0.682 0.000 222206.936 0.000 0.000 0.000
1.540 0.681 0.003 222215.273 0.000 0.000 0.000
1.535 0.679 0.002 222223.609 0.000 0.000 0.000
1.531 0.677 0.002 222231.945 0.000 0.000 0.000
1.527 0.675 0.002 222240.281 0.000 0.000 0.000
1.522 0.673 0.003 222248.617 0.000 0.000 0.000
1.517 0.671 0.002 222256.954 0.000 0.000 0.000
1.513 0.669 0.002 222265.290 0.000 0.000 0.000
1.508 0.667 0.002 222273.626 0.000 0.000 0.000
1.504 0.665 0.001 222281.963 0.000 0.000 0.000
1.496 0.665 0.005 222290.299 0.000 0.000 0.000
1.491 0.663 0.004 222298.635 0.000 0.000 0.000
1.486 0.661 0.003 222306.971 0.000 0.000 0.000
1.482 0.659 0.004 222315.308 0.000 0.000 0.000
1.478 0.657 0.003 222323.644 0.000 0.000 0.000
1.473 0.655 0.004 222331.980 0.000 0.000 0.000
1.469 0.653 0.004 222340.316 0.000 0.000 0.000
1.464 0.651 0.003 222348.653 0.000 0.000 0.000
1.461 0.649 0.005 222356.989 0.000 0.000 0.000
1.456 0.647 0.004 222365.325 0.000 0.000 0.000
1.451 0.645 0.004 222373.661 0.000 0.000 0.000
1.446 0.643 0.003 222381.998 0.000 0.000 0.000
1.442 0.641 0.002 222390.334 0.000 0.000 0.000
1.438 0.639 0.004 222398.670 0.000 0.000 0.000
1.433 0.637 0.002 222407.006 0.000 0.000 0.000
1.429 0.635 0.003 222415.343 0.000 0.000 0.000
1.425 0.633 0.003 222423.679 0.000 0.000 0.000
1.420 0.632 0.002 222432.015 0.000 0.000 0.000
1.416 0.630 0.002 222440.351 0.000 0.000 0.000
1.412 0.628 0.003 222448.688 0.000 0.000 0.000
1.407 0.626 0.002 222457.024 0.000 0.000 0.000
1.404 0.624 0.003 222465.360 0.000 0.000 0.000
1.398 0.622 0.001 222473.696 0.000 0.000 0.000
1.395 0.620 0.003 222482.033 0.000 0.000 0.000
1.390 0.618 0.002 222490.369 0.000 0.000 0.000
1.381 0.618 0.003 222498.705 0.000 0.000 0.000
1.378 0.616 0.004 222507.041 0.000 0.000 0.000
1.373 0.614 0.003 222515.378 0.000 0.000 0.000
1.369 0.612 0.004 222523.714 0.000 0.000 0.000
1.365 0.610 0.004 222532.050 0.000 0.000 0.000
1.360 0.608 0.003 222540.386 0.000 0.000 0.000
1.357 0.606 0.005 222548.722 0.000 0.000 0.000
1.352 0.604 0.003 222557.059 0.000 0.000 0.000
1.348 0.603 0.004 222565.395 0.000 0.000 0.000
1.344 0.601 0.004 222573.731 0.000 0.000 0.000
1.340 0.599 0.003 222582.068 0.000 0.000 0.000
1.335 0.597 0.004 222590.404 0.000 0.000 0.000
1.332 0.595 0.004 222598.740 0.000 0.000 0.000
1.327 0.593 0.004 222607.076 0.000 0.000 0.000
1.323 0.591 0.003 222615.412 0.000 0.000 0.000
1.322 0.588 0.000 222623.749 0.000 0.000 0.000
1.315 0.588 0.004 222632.085 0.000 0.000 0.000
1.310 0.586 0.003 222640.421 0.000 0.000 0.000
1.306 0.584 0.002 222648.758 0.000 0.000 0.000
1.302 0.582 0.003 222657.094 0.000 0.000 0.000
1.301 0.579 0.000 222665.430 0.000 0.000 0.000
1.294 0.579 0.003 222673.766 0.000 0.000 0.000
1.287 0.575 0.005 222682.102 0.000 0.000 0.000
1.282 0.573 0.005 222690.439 0.000 0.000 0.000
1.278 0.571 0.004 222698.775 0.000 0.000 0.000
1.274 0.569 0.004 222707.111 0.000 0.000 0.000
1.270 0.568 0.005 222715.448 0.000 0.000 0.000
1.266 0.566 0.004 222723.784 0.000 0.000 0.000
1.262 0.564 0.006 222732.120 0.000 0.000 0.000
1.258 0.562 0.005 222740.456 0.000 0.000 0.000
1.254 0.560 0.005 222748.792 0.000 0.000 0.000
1.250 0.558 0.005 222757.129 0.000 0.000 0.000
1.246 0.557 0.004 222765.465 0.000 0.000 0.000
1.242 0.555 0.005 222773.801 0.000 0.000 0.000
1.238 0.553 0.005 222782.138 0.000 0.000 0.000
1.233 0.551 0.004 222790.474 0.000 0.000 0.000
1.229 0.550 0.004 222798.810 0.000 0.000 0.000
1.226 0.548 0.005 222807.146 0.000 0.000 0.000
1.225 0.545 0.003 222815.482 0.000 0.000 0.000
1.221 0.543 0.002 222823.819 0.000 0.000 0.000
1.216 0.541 0.001 222832.155 0.000 0.000 0.000
1.213 0.539 0.003 222840.491 0.000 0.000 0.000
1.209 0.538 0.002 222848.828 0.000 0.000 0.000
1.206 0.536 0.004 222857.164 0.000 0.000 0.000
1.198 0.532 0.004 222865.500 0.000 0.000 0.000
1.194 0.530 0.005 222873.836 0.000 0.000 0.000
1.190 0.529 0.005 222882.172 0.000 0.000 0.000
1.186 0.527 0.004 222890.509 0.000 0.000 0.000
1.182 0.525 0.004 222898.845 0.000 0.000 0.000
1.178 0.523 0.003 222907.181 0.000 0.000 0.000
1.175 0.522 0.005 222915.518 0.000 0.000 0.000
1.170 0.520 0.004 222923.854 0.000 0.000 0.000
1.166 0.518 0.003 222932.190 0.000 0.000 0.000
1.163 0.516 0.005 222940.526 0.000 0.000 0.000
1.158 0.515 0.004 222948.862 0.000 0.000 0.000
1.155 0.513 0.004 222957.199 0.000 0.000 0.000
1.150 0.511 0.003 222965.535 0.000 0.000 0.000
1.147 0.509 0.005 222973.871 0.000 0.000 0.000
1.140 0.509 0.006 222982.208 0.000 0.000 0.000
1.140 0.506 0.006 222990.544 0.000 0.000 0.000
1.135 0.504 0.005 222998.880 0.000 0.000 0.000
1.132 0.502 0.005 223007.216 0.000 0.000 0.000
1.128 0.501 0.005 223015.552 0.000 0.000 0.000
1.124 0.499 0.004 223023.889 0.000 0.000 0.000
1.117 0.496 0.007 223032.225 0.000 0.000 0.000
1.120 0.494 0.003 223040.561 0.000 0.000 0.000
1.113 0.491 0.006 223048.898 0.000 0.000 0.000
1.109 0.489 0.005 223057.234 0.000 0.000 0.000
1.106 0.487 0.006 223065.570 0.000 0.000 0.000
1.101 0.486 0.005 223073.906 0.000 0.000 0.000
1.097 0.484 0.004 223082.242 0.000 0.000 0.000
1.093 0.482 0.005 223090.579 0.000 0.000 0.000
1.090 0.481 0.005 223098.915 0.000 0.000 0.000
1.086 0.479 0.006 223107.251 0.000 0.000 0.000
1.082 0.477 0.005 223115.588 0.000 0.000 0.000
1.082 0.474 0.003 223123.924 0.000 0.000 0.000
1.075 0.474 0.005 223132.260 0.000 0.000 0.000
1.074 0.471 0.003 223140.596 0.000 0.000 0.000
1.068 0.467 0.006 223148.933 0.000 0.000 0.000
1.066 0.468 0.003 223157.269 0.000 0.000 0.000
1.063 0.466 0.004 223165.605 0.000 0.000 0.000
1.055 0.462 0.004 223173.941 0.000 0.000 0.000
1.055 0.463 0.003 223182.278 0.000 0.000 0.000
1.048 0.459 0.005 223190.614 0.000 0.000 0.000
1.044 0.457 0.004 223198.950 0.000 0.000 0.000
1.041 0.456 0.005 223207.286 0.000 0.000 0.000
1.037 0.454 0.005 223215.623 0.000 0.000 0.000
1.030 0.454 0.006 223223.959 0.000 0.000 0.000
1.030 0.451 0.006 223232.295 0.000 0.000 0.000
1.026 0.449 0.005 223240.631 0.000 0.000 0.000
1.023 0.448 0.006 223248.968 0.000 0.000 0.000
1.022 0.445 0.004 223257.304 0.000 0.000 0.000
1.018 0.443 0.004 223265.640 0.000 0.000 0.000
1.014 0.441 0.003 223273.976 0.000 0.000 0.000
1.008 0.438 0.005 223282.313 0.000 0.000 0.000
1.004 0.436 0.006 223290.649 0.000 0.000 0.000
1.000 0.435 0.005 223298.985 0.000 0.000 0.000
0.997 0.433 0.005 223307.321 0.000 0.000 0.000
0.993 0.432 0.006 223315.658 0.000 0.000 0.000
0.990 0.430 0.006 223323.994 0.000 0.000 0.000
0.986 0.428 0.005 223332.330 0.000 0.000 0.000
0.982 0.427 0.004 223340.666 0.000 0.000 0.000
0.979 0.425 0.006 223349.003 0.000 0.000 0.000
0.978 0.422 0.003 223357.339 0.000 0.000 0.000
0.974 0.420 0.004 223365.675 0.000 0.000 0.000
0.970 0.419 0.003 223374.011 0.000 0.000 0.000
0.967 0.417 0.003 223382.347 0.000 0.000 0.000
0.960 0.414 0.005 223390.684 0.000 0.000 0.000
0.956 0.412 0.004 223399.020 0.000 0.000 0.000
0.953 0.411 0.006 223407.356 0.000 0.000 0.000
0.950 0.409 0.005 223415.693 0.000 0.000 0.000
0.946 0.408 0.006 223424.029 0.000 0.000 0.000
0.945 0.405 0.003 223432.365 0.000 0.000 0.000
0.941 0.403 0.002 223440.701 0.000 0.000 0.000
0.935 0.403 0.005 223449.037 0.000 0.000 0.000
0.931 0.401 0.005 223457.374 0.000 0.000 0.000
0.928 0.400 0.005 223465.710 0.000 0.000 0.000
0.922 0.397 0.007 223474.046 0.000 0.000 0.000
0.918 0.395 0.006 223482.383 0.000 0.000 0.000
0.918 0.392 0.006 223490.719 0.000 0.000 0.000
0.914 0.390 0.005 223499.055 0.000 0.000 0.000
0.910 0.389 0.006 223507.391 0.000 0.000 0.000
0.907 0.387 0.006 223515.727 0.000 0.000 0.000
0.903 0.386 0.005 223524.064 0.000 0.000 0.000
0.900 0.384 0.006 223532.400 0.000 0.000 0.000
0.899 0.381 0.003 223540.736 0.000 0.000 0.000
0.895 0.380 0.004 223549.073 0.000 0.000 0.000
0.891 0.378 0.003 223557.409 0.000 0.000 0.000
0.885 0.375 0.005 223565.745 0.000 0.000 0.000
0.882 0.373 0.005 223574.081 0.000 0.000 0.000
0.878 0.372 0.004 223582.417 0.000 0.000 0.000
0.875 0.370 0.005 223590.754 0.000 0.000 0.000
0.874 0.367 0.003 223599.090 0.000 0.000 0.000
0.871 0.366 0.004 223607.426 0.000 0.000 0.000
0.867 0.364 0.003 223615.763 0.000 0.000 0.000
0.863 0.363 0.002 223624.099 0.000 0.000 0.000
0.860 0.361 0.003 223632.435 0.000 0.000 0.000
0.854 0.358 0.005 223640.771 0.000 0.000 0.000
0.850 0.357 0.005 223649.107 0.000 0.000 0.000
0.847 0.355 0.004 223657.444 0.000 0.000 0.000
0.843 0.354 0.005 223665.780 0.000 0.000 0.000
0.840 0.352 0.005 223674.116 0.000 0.000 0.000
0.836 0.351 0.004 223682.453 0.000 0.000 0.000
0.833 0.349 0.005 223690.789 0.000 0.000 0.000
0.829 0.348 0.004 223699.125 0.000 0.000 0.000
0.825 0.346 0.003 223707.461 0.000 0.000 0.000
0.823 0.345 0.005 223715.797 0.000 0.000 0.000
0.816 0.342 0.005 223724.134 0.000 0.000 0.000
0.813 0.340 0.006 223732.470 0.000 0.000 0.000
0.810 0.339 0.006 223740.806 0.000 0.000 0.000
0.806 0.337 0.005 223749.143 0.000 0.000 0.000
0.803 0.336 0.006 223757.479 0.000 0.000 0.000
0.802 0.333 0.003 223765.815 0.000 0.000 0.000
0.798 0.331 0.004 223774.151 0.000 0.000 0.000
0.795 0.330 0.004 223782.487 0.000 0.000 0.000
0.791 0.328 0.003 223790.824 0.000 0.000 0.000
0.786 0.325 0.006 223799.160 0.000 0.000 0.000
0.785 0.322 0.004 223807.496 0.000 0.000 0.000
0.782 0.321 0.005 223815.833 0.000 0.000 0.000
0.778 0.319 0.004 223824.169 0.000 0.000 0.000
0.775 0.318 0.004 223832.505 0.000 0.000 0.000
0.771 0.316 0.004 223840.841 0.000 0.000 0.000
0.768 0.315 0.004 223849.177 0.000 0.000 0.000
0.765 0.314 0.004 223857.514 0.000 0.000 0.000
0.761 0.312 0.004 223865.850 0.000 0.000 0.000
0.758 0.311 0.004 223874.186 0.000 0.000 0.000
0.754 0.306 0.003 223882.523 0.000 0.000 0.000
0.751 0.305 0.004 223890.859 0.000 0.000 0.000
0.748 0.303 0.004 223899.195 0.000 0.000 0.000
0.744 0.302 0.003 223907.531 0.000 0.000 0.000
0.741 0.300 0.004 223915.867 0.000 0.000 0.000
0.737 0.299 0.003 223924.204 0.000 0.000 0.000
0.734 0.298 0.003 223932.540 0.000 0.000 0.000
0.729 0.295 0.006 223940.876 0.000 0.000 0.000
0.725 0.293 0.005 223949.213 0.000 0.000 0.000
0.721 0.292 0.004 223957.549 0.000 0.000 0.000
0.718 0.290 0.005 223965.885 0.000 0.000 0.000
0.714 0.289 0.004 223974.221 0.000 0.000 0.000
0.711 0.287 0.004 223982.558 0.000 0.000 0.000
0.708 0.286 0.004 223990.894 0.000 0.000 0.000
0.705 0.285 0.005 223999.230 0.000 0.000 0.000
0.702 0.283 0.004 224007.566 0.000 0.000 0.000
0.699 0.282 0.005 224015.903 0.000 0.000 0.000
0.696 0.280 0.005 224024.239 0.000 0.000 0.000
0.690 0.278 0.006 224032.575 0.000 0.000 0.000
0.689 0.275 0.006 224040.911 0.000 0.000 0.000
0.686 0.273 0.005 224049.248 0.000 0.000 0.000
0.682 0.272 0.004 224057.584 0.000 0.000 0.000
0.681 0.269 0.003 224065.920 0.000 0.000 0.000
0.678 0.268 0.003 224074.256 0.000 0.000 0.000
0.675 0.266 0.003 224082.593 0.000 0.000 0.000
0.671 0.265 0.002 224090.929 0.000 0.000 0.000
0.666 0.262 0.004 224099.265 0.000 0.000 0.000
0.663 0.261 0.005 224107.601 0.000 0.000 0.000
0.659 0.259 0.004 224115.938 0.000 0.000 0.000
0.656 0.258 0.005 224124.274 0.000 0.000 0.000
0.653 0.257 0.004 224132.610 0.000 0.000 0.000
0.650 0.255 0.004 224140.946 0.000 0.000 0.000
0.649 0.252 0.003 224149.283 0.000 0.000 0.000
0.645 0.251 0.002 224157.619 0.000 0.000 0.000
0.642 0.250 0.003 224165.955 0.000 0.000 0.000
0.636 0.247 0.004 224174.291 0.000 0.000 0.000
0.633 0.246 0.003 224182.628 0.000 0.000 0.000
0.631 0.244 0.005 224190.964 0.000 0.000 0.000
0.627 0.243 0.004 224199.300 0.000 0.000 0.000
0.624 0.241 0.005 224207.636 0.000 0.000 0.000
0.621 0.240 0.004 224215.972 0.000 0.000 0.000
0.617 0.239 0.004 224224.309 0.000 0.000 0.000
0.614 0.237 0.004 224232.645 0.000 0.000 0.000
0.608 0.235 0.004 224240.981 0.000 0.000 0.000
0.605 0.233 0.005 224249.318 0.000 0.000 0.000
0.602 0.232 0.004 224257.654 0.000 0.000 0.000
0.599 0.230 0.006 224265.990 0.000 0.000 0.000
0.596 0.229 0.005 224274.326 0.000 0.000 0.000
0.593 0.228 0.004 224282.662 0.000 0.000 0.000
0.590 0.226 0.006 224290.999 0.000 0.000 0.000
0.589 0.224 0.004 224299.335 0.000 0.000 0.000
0.587 0.222 0.005 224307.671 0.000 0.000 0.000
0.583 0.221 0.005 224316.008 0.000 0.000 0.000
0.578 0.218 0.007 224324.344 0.000 0.000 0.000
0.574 0.217 0.006 224332.680 0.000 0.000 0.000
0.571 0.216 0.005 224341.016 0.000 0.000 0.000
0.568 0.214 0.005 224349.352 0.000 0.000 0.000
0.567 0.211 0.004 224357.689 0.000 0.000 0.000
0.564 0.210 0.004 224366.025 0.000 0.000 0.000
0.560 0.209 0.004 224374.361 0.000 0.000 0.000
0.557 0.208 0.003 224382.698 0.000 0.000 0.000
0.555 0.206 0.004 224391.034 0.000 0.000 0.000
0.551 0.205 0.004 224399.370 0.000 0.000 0.000
0.546 0.202 0.006 224407.706 0.000 0.000 0.000
0.545 0.199 0.004 224416.042 0.000 0.000 0.000
0.542 0.198 0.003 224424.379 0.000 0.000 0.000
0.539 0.197 0.004 224432.715 0.000 0.000 0.000
0.535 0.196 0.003 224441.051 0.000 0.000 0.000
0.533 0.194 0.004 224449.388 0.000 0.000 0.000
0.527 0.192 0.005 224457.724 0.000 0.000 0.000
0.526 0.192 0.003 224466.060 0.000 0.000 0.000
0.521 0.189 0.005 224474.396 0.000 0.000 0.000
0.518 0.188 0.005 224482.732 0.000 0.000 0.000
0.516 0.186 0.006 224491.069 0.000 0.000 0.000
0.514 0.184 0.004 224499.405 0.000 0.000 0.000
0.509 0.184 0.005 224507.741 0.000 0.000 0.000
0.508 0.181 0.004 224516.078 0.000 0.000 0.000
0.505 0.180 0.003 224524.414 0.000 0.000 0.000
0.502 0.178 0.004 224532.750 0.000 0.000 0.000
0.497 0.176 0.005 224541.086 0.000 0.000 0.000
0.494 0.175 0.006 224549.422 0.000 0.000 0.000
0.490 0.173 0.005 224557.759 0.000 0.000 0.000
0.488 0.172 0.005 224566.095 0.000 0.000 0.000
0.484 0.172 0.008 224574.431 0.000 0.000 0.000
0.480 0.171 0.007 224582.768 0.000 0.000 0.000
0.480 0.168 0.007 224591.104 0.000 0.000 0.000
0.477 0.167 0.007 224599.440 0.000 0.000 0.000
0.477 0.164 0.007 224607.776 0.000 0.000 0.000
0.474 0.163 0.007 224616.112 0.000 0.000 0.000
0.471 0.162 0.006 224624.449 0.000 0.000 0.000
0.466 0.159 0.009 224632.785 0.000 0.000 0.000
0.463 0.158 0.009 224641.121 0.000 0.000 0.000
0.461 0.157 0.010 224649.458 0.000 0.000 0.000
0.458 0.156 0.011 224657.794 0.000 0.000 0.000
0.455 0.155 0.010 224666.130 0.000 0.000 0.000
0.453 0.153 0.011 224674.466 0.000 0.000 0.000
0.452 0.151 0.009 224682.802 0.000 0.000 0.000
0.449 0.149 0.011 224691.139 0.000 0.000 0.000
0.446 0.148 0.010 224699.475 0.000 0.000 0.000
