2 285 51163751821
7 285 51164742259
13 287 51165732696
17 287 51166227509
20 287 51166723134
23 289 51167217946
26 289 51167713571
30 290 51168208384
33 291 51168703196
39 292 51169693634
42 292 51170189259
46 293 51170684071
52 293 51171674509
55 294 51172169321
58 294 51172664946
61 294 51173159759
67 294 51174150196
70 294 51174645821
73 294 51175140634
76 294 51175635446
79 293 51176131071
81 293 51176625884
83 292 51177121509
86 292 51177616321
88 291 51178111946
93 290 51179102384
95 289 51179597196
97 288 51180092009
99 286 51180587634
101 286 51181082446
103 285 51181578071
104 284 51182072884
106 283 51182568509
107 282 51183063321
109 280 51183558134
109 279 51184053759
111 277 51184548571
112 276 51185044196
113 274 51185539009
113 273 51186034634
115 271 51186529446
115 269 51187024259
116 267 51187519884
117 265 51188014696
117 263 51188510321
117 261 51189005134
117 259 51189500759
117 257 51189995571
118 255 51190490384
117 253 51190986009
118 251 51191480821
118 249 51191976446
118 246 51192471259
117 244 51192966884
117 242 51193461696
116 240 51193957321
116 238 51194452134
116 236 51194946946
115 233 51195442571
114 231 51195937384
113 228 51196433009
113 227 51196927821
112 224 51197423446
111 222 51197918259
109 219 51198413071
109 217 51198908696
98 202 51201879196
97 200 51202374821
95 199 51202869634
93 197 51203365259
91 195 51203860071
89 193 51204355696
87 192 51204850509
85 190 51205345321
84 189 51205840946
81 187 51206335759
79 186 51206831384
77 185 51207326196
75 183 51207821821
73 182 51208316634
70 181 51208811446
67 180 51209307071
64 179 51209801884
62 178 51210297509
59 177 51210792321
55 177 51211287946
52 176 51211782759
48 175 51212277571
45 175 51212773196
41 174 51213268009
37 174 51213763634
33 174 51214258446
29 173 51214754071
24 173 51215248884
20 174 51215743696
15 174 51216239321
11 174 51216734134
8 175 51217229759
5 175 51217724571
3 177 51218220196
