398.000 62.000 712754801656.000 0.000 0.000 0.000 0.000
396.000 66.000 712755218469.000 0.000 0.000 0.000 0.000
395.000 71.000 712755635281.000 0.000 0.000 0.000 0.000
393.000 76.000 712756052094.000 0.000 0.000 0.000 0.000
392.000 81.000 712756468906.000 0.000 0.000 0.000 0.000
390.000 86.000 712756885719.000 0.000 0.000 0.000 0.000
389.000 92.000 712757302531.000 0.000 0.000 0.000 0.000
387.000 98.000 712757719344.000 0.000 0.000 0.000 0.000
386.000 104.000 712758136156.000 0.000 0.000 0.000 0.000
385.000 110.000 712758552969.000 0.000 0.000 0.000 0.000
384.000 116.000 712758969781.000 0.000 0.000 0.000 0.000
390.000 136.000 712759386594.000 0.000 0.000 0.000 0.000
397.000 153.000 712759803406.000 0.000 0.000 0.000 0.000
396.000 158.000 712760220219.000 0.000 0.000 0.000 0.000
396.000 163.000 712760637031.000 0.000 0.000 0.000 0.000
395.000 169.000 712761053844.000 0.000 0.000 0.000 0.000
394.000 173.000 712761470656.000 0.000 0.000 0.000 0.000
393.000 179.000 712761887469.000 0.000 0.000 0.000 0.000
392.000 185.000 712762304281.000 0.000 0.000 0.000 0.000
393.000 192.000 712762721094.000 0.000 0.000 0.000 0.000
391.000 198.000 712763137906.000 0.000 0.000 0.000 0.000
391.000 204.000 712763554719.000 0.000 0.000 0.000 0.000
390.000 210.000 712763971531.000 0.000 0.000 0.000 0.000
389.000 217.000 712764388344.000 0.000 0.000 0.000 0.000
389.000 224.000 712764805156.000 0.000 0.000 0.000 0.000
388.000 232.000 712765221969.000 0.000 0.000 0.000 0.000
387.000 239.000 712765638781.000 0.000 0.000 0.000 0.000
386.000 247.000 712766055594.000 0.000 0.000 0.000 0.000
386.000 255.000 712766472406.000 0.000 0.000 0.000 0.000
386.000 262.000 712766889219.000 0.000 0.000 0.000 0.000
386.000 268.000 712767306031.000 0.000 0.000 0.000 0.000
385.000 278.000 712767722844.000 0.000 0.000 0.000 0.000
376.000 306.000 712768139656.000 0.000 0.000 0.000 0.000
361.000 344.000 712768556469.000 0.000 0.000 0.000 0.000
359.000 341.000 712768973281.000 0.000 0.000 0.000 0.000
356.000 336.000 712769390094.000 0.000 0.000 0.000 0.000
353.000 332.000 712769806906.000 0.000 0.000 0.000 0.000
350.000 327.000 712770223719.000 0.000 0.000 0.000 0.000
347.000 323.000 712770640531.000 0.000 0.000 0.000 0.000
344.000 319.000 712771057344.000 0.000 0.000 0.000 0.000
342.000 316.000 712771474156.000 0.000 0.000 0.000 0.000
339.000 312.000 712771890969.000 0.000 0.000 0.000 0.000
336.000 309.000 712772307781.000 0.000 0.000 0.000 0.000
333.000 306.000 712772724594.000 0.000 0.000 0.000 0.000
330.000 304.000 712773141406.000 0.000 0.000 0.000 0.000
327.000 301.000 712773558219.000 0.000 0.000 0.000 0.000
325.000 298.000 712773975031.000 0.000 0.000 0.000 0.000
322.000 296.000 712774391844.000 0.000 0.000 0.000 0.000
319.000 295.000 712774808656.000 0.000 0.000 0.000 0.000
316.000 293.000 712775225469.000 0.000 0.000 0.000 0.000
314.000 292.000 712775642281.000 0.000 0.000 0.000 0.000
311.000 290.000 712776059094.000 0.000 0.000 0.000 0.000
308.000 290.000 712776475906.000 0.000 0.000 0.000 0.000
306.000 290.000 712776892719.000 0.000 0.000 0.000 0.000
303.000 289.000 712777309531.000 0.000 0.000 0.000 0.000
300.000 288.000 712777726344.000 0.000 0.000 0.000 0.000
298.000 289.000 712778143156.000 0.000 0.000 0.000 0.000
295.000 290.000 712778559969.000 0.000 0.000 0.000 0.000
293.000 290.000 712778976781.000 0.000 0.000 0.000 0.000
290.000 291.000 712779393594.000 0.000 0.000 0.000 0.000
287.000 293.000 712779810406.000 0.000 0.000 0.000 0.000
285.000 295.000 712780227219.000 0.000 0.000 0.000 0.000
282.000 297.000 712780644031.000 0.000 0.000 0.000 0.000
280.000 298.000 712781060844.000 0.000 0.000 0.000 0.000
278.000 301.000 712781477656.000 0.000 0.000 0.000 0.000
275.000 304.000 712781894469.000 0.000 0.000 0.000 0.000
273.000 307.000 712782311281.000 0.000 0.000 0.000 0.000
271.000 311.000 712782728094.000 0.000 0.000 0.000 0.000
269.000 314.000 712783144906.000 0.000 0.000 0.000 0.000
266.000 319.000 712783561719.000 0.000 0.000 0.000 0.000
264.000 324.000 712783978531.000 0.000 0.000 0.000 0.000
262.000 328.000 712784395344.000 0.000 0.000 0.000 0.000
260.000 332.000 712784812156.000 0.000 0.000 0.000 0.000
258.000 338.000 712785228969.000 0.000 0.000 0.000 0.000
256.000 344.000 712785645781.000 0.000 0.000 0.000 0.000
254.000 350.000 712786062594.000 0.000 0.000 0.000 0.000
252.000 356.000 712786479406.000 0.000 0.000 0.000 0.000
251.000 363.000 712786896219.000 0.000 0.000 0.000 0.000
249.000 371.000 712787313031.000 0.000 0.000 0.000 0.000
247.000 378.000 712787729844.000 0.000 0.000 0.000 0.000
246.000 385.000 712788146656.000 0.000 0.000 0.000 0.000
244.000 392.000 712788563469.000 0.000 0.000 0.000 0.000
243.000 401.000 712788980281.000 0.000 0.000 0.000 0.000
241.000 410.000 712789397094.000 0.000 0.000 0.000 0.000
240.000 419.000 712789813906.000 0.000 0.000 0.000 0.000
239.000 428.000 712790230719.000 0.000 0.000 0.000 0.000
237.000 438.000 712790647531.000 0.000 0.000 0.000 0.000
236.000 448.000 712791064344.000 0.000 0.000 0.000 0.000
235.000 458.000 712791481156.000 0.000 0.000 0.000 0.000
234.000 468.000 712791897969.000 0.000 0.000 0.000 0.000
233.000 479.000 712792314781.000 0.000 0.000 0.000 0.000
233.000 485.000 712792731594.000 0.000 0.000 0.000 0.000
194.000 486.000 712801067844.000 0.000 0.000 0.000 0.000
196.000 482.000 712801484656.000 0.000 0.000 0.000 0.000
198.000 479.000 712801901469.000 0.000 0.000 0.000 0.000
201.000 471.000 712802318281.000 0.000 0.000 0.000 0.000
203.000 464.000 712802735094.000 0.000 0.000 0.000 0.000
205.000 457.000 712803151906.000 0.000 0.000 0.000 0.000
208.000 452.000 712803568719.000 0.000 0.000 0.000 0.000
275.000 156.000 712760232890.000 0.000 0.000 0.000 0.000
278.000 160.000 712760649702.000 0.000 0.000 0.000 0.000
281.000 165.000 712761066515.000 0.000 0.000 0.000 0.000
283.000 170.000 712761483327.000 0.000 0.000 0.000 0.000
286.000 175.000 712761900140.000 0.000 0.000 0.000 0.000
287.000 181.000 712762316952.000 0.000 0.000 0.000 0.000
288.000 186.000 712762733765.000 0.000 0.000 0.000 0.000
293.000 192.000 712763150577.000 0.000 0.000 0.000 0.000
294.000 197.000 712763567390.000 0.000 0.000 0.000 0.000
296.000 203.000 712763984202.000 0.000 0.000 0.000 0.000
300.000 209.000 712764401015.000 0.000 0.000 0.000 0.000
310.000 218.000 712764817827.000 0.000 0.000 0.000 0.000
340.000 235.000 712765234640.000 0.000 0.000 0.000 0.000
361.000 252.000 712765651452.000 0.000 0.000 0.000 0.000
366.000 263.000 712766068265.000 0.000 0.000 0.000 0.000
415.000 309.000 712771070015.000 0.000 0.000 0.000 0.000
417.000 307.000 712771486827.000 0.000 0.000 0.000 0.000
422.000 303.000 712771903640.000 0.000 0.000 0.000 0.000
426.000 300.000 712772320452.000 0.000 0.000 0.000 0.000
430.000 297.000 712772737265.000 0.000 0.000 0.000 0.000
434.000 294.000 712773154077.000 0.000 0.000 0.000 0.000
438.000 292.000 712773570890.000 0.000 0.000 0.000 0.000
442.000 289.000 712773987702.000 0.000 0.000 0.000 0.000
447.000 287.000 712774404515.000 0.000 0.000 0.000 0.000
451.000 285.000 712774821327.000 0.000 0.000 0.000 0.000
455.000 283.000 712775238140.000 0.000 0.000 0.000 0.000
459.000 281.000 712775654952.000 0.000 0.000 0.000 0.000
463.000 280.000 712776071765.000 0.000 0.000 0.000 0.000
468.000 279.000 712776488577.000 0.000 0.000 0.000 0.000
472.000 278.000 712776905390.000 0.000 0.000 0.000 0.000
476.000 278.000 712777322202.000 0.000 0.000 0.000 0.000
480.000 277.000 712777739015.000 0.000 0.000 0.000 0.000
484.000 277.000 712778155827.000 0.000 0.000 0.000 0.000
489.000 278.000 712778572640.000 0.000 0.000 0.000 0.000
493.000 278.000 712778989452.000 0.000 0.000 0.000 0.000
497.000 279.000 712779406265.000 0.000 0.000 0.000 0.000
501.000 280.000 712779823077.000 0.000 0.000 0.000 0.000
505.000 282.000 712780239890.000 0.000 0.000 0.000 0.000
509.000 283.000 712780656702.000 0.000 0.000 0.000 0.000
513.000 285.000 712781073515.000 0.000 0.000 0.000 0.000
518.000 287.000 712781490327.000 0.000 0.000 0.000 0.000
522.000 290.000 712781907140.000 0.000 0.000 0.000 0.000
526.000 292.000 712782323952.000 0.000 0.000 0.000 0.000
530.000 296.000 712782740765.000 0.000 0.000 0.000 0.000
534.000 299.000 712783157577.000 0.000 0.000 0.000 0.000
538.000 302.000 712783574390.000 0.000 0.000 0.000 0.000
542.000 307.000 712783991202.000 0.000 0.000 0.000 0.000
546.000 311.000 712784408015.000 0.000 0.000 0.000 0.000
550.000 315.000 712784824827.000 0.000 0.000 0.000 0.000
554.000 320.000 712785241640.000 0.000 0.000 0.000 0.000
558.000 325.000 712785658452.000 0.000 0.000 0.000 0.000
561.000 331.000 712786075265.000 0.000 0.000 0.000 0.000
565.000 337.000 712786492077.000 0.000 0.000 0.000 0.000
569.000 343.000 712786908890.000 0.000 0.000 0.000 0.000
573.000 350.000 712787325702.000 0.000 0.000 0.000 0.000
576.000 356.000 712787742515.000 0.000 0.000 0.000 0.000
579.000 363.000 712788159327.000 0.000 0.000 0.000 0.000
583.000 370.000 712788576140.000 0.000 0.000 0.000 0.000
587.000 378.000 712788992952.000 0.000 0.000 0.000 0.000
590.000 386.000 712789409765.000 0.000 0.000 0.000 0.000
593.000 394.000 712789826577.000 0.000 0.000 0.000 0.000
597.000 402.000 712790243390.000 0.000 0.000 0.000 0.000
600.000 411.000 712790660202.000 0.000 0.000 0.000 0.000
602.000 420.000 712791077015.000 0.000 0.000 0.000 0.000
606.000 429.000 712791493827.000 0.000 0.000 0.000 0.000
608.000 439.000 712791910640.000 0.000 0.000 0.000 0.000
612.000 449.000 712792327452.000 0.000 0.000 0.000 0.000
614.000 459.000 712792744265.000 0.000 0.000 0.000 0.000
617.000 469.000 712793161077.000 0.000 0.000 0.000 0.000
620.000 480.000 712793577890.000 0.000 0.000 0.000 0.000
622.000 485.000 712793994702.000 0.000 0.000 0.000 0.000
651.000 413.000 712804415015.000 0.000 0.000 0.000 0.000
650.000 408.000 712804831827.000 0.000 0.000 0.000 0.000
648.000 404.000 712805248640.000 0.000 0.000 0.000 0.000
647.000 400.000 712805665452.000 0.000 0.000 0.000 0.000
646.000 397.000 712806082265.000 0.000 0.000 0.000 0.000
644.000 394.000 712806499077.000 0.000 0.000 0.000 0.000
643.000 391.000 712806915890.000 0.000 0.000 0.000 0.000
640.000 388.000 712807332702.000 0.000 0.000 0.000 0.000
637.000 386.000 712807749515.000 0.000 0.000 0.000 0.000
634.000 384.000 712808166327.000 0.000 0.000 0.000 0.000
631.000 382.000 712808583140.000 0.000 0.000 0.000 0.000
628.000 381.000 712808999952.000 0.000 0.000 0.000 0.000
625.000 380.000 712809416765.000 0.000 0.000 0.000 0.000
621.000 379.000 712809833577.000 0.000 0.000 0.000 0.000
618.000 379.000 712810250390.000 0.000 0.000 0.000 0.000
615.000 378.000 712810667202.000 0.000 0.000 0.000 0.000
611.000 378.000 712811084015.000 0.000 0.000 0.000 0.000
608.000 379.000 712811500827.000 0.000 0.000 0.000 0.000
605.000 379.000 712811917640.000 0.000 0.000 0.000 0.000
602.000 380.000 712812334452.000 0.000 0.000 0.000 0.000
599.000 381.000 712812751265.000 0.000 0.000 0.000 0.000
595.000 382.000 712813168077.000 0.000 0.000 0.000 0.000
592.000 384.000 712813584890.000 0.000 0.000 0.000 0.000
589.000 386.000 712814001702.000 0.000 0.000 0.000 0.000
585.000 388.000 712814418515.000 0.000 0.000 0.000 0.000
581.000 390.000 712814835327.000 0.000 0.000 0.000 0.000
578.000 392.000 712815252140.000 0.000 0.000 0.000 0.000
575.000 394.000 712815668952.000 0.000 0.000 0.000 0.000
572.000 397.000 712816085765.000 0.000 0.000 0.000 0.000
403.000 351.000 712948768028.000 0.000 0.000 0.000 0.000
403.000 350.000 712949184841.000 0.000 0.000 0.000 0.000
403.000 349.000 712949601653.000 0.000 0.000 0.000 0.000
403.000 348.000 712950018466.000 0.000 0.000 0.000 0.000
404.000 348.000 712950435278.000 0.000 0.000 0.000 0.000
404.000 348.000 712950852091.000 0.000 0.000 0.000 0.000
405.000 348.000 712951268903.000 0.000 0.000 0.000 0.000
405.000 349.000 712951685716.000 0.000 0.000 0.000 0.000
411.000 352.000 712952519341.000 0.000 0.000 0.000 0.000
406.000 351.000 712952936153.000 0.000 0.000 0.000 0.000
407.000 352.000 712953352966.000 0.000 0.000 0.000 0.000
407.000 354.000 712953769778.000 0.000 0.000 0.000 0.000
408.000 355.000 712954186591.000 0.000 0.000 0.000 0.000
408.000 358.000 712954603403.000 0.000 0.000 0.000 0.000
409.000 360.000 712955020216.000 0.000 0.000 0.000 0.000
409.000 362.000 712955437028.000 0.000 0.000 0.000 0.000
410.000 364.000 712955853841.000 0.000 0.000 0.000 0.000
410.000 364.000 712956270653.000 0.000 0.000 0.000 0.000
410.000 361.000 712956687466.000 0.000 0.000 0.000 0.000
410.000 359.000 712957104278.000 0.000 0.000 0.000 0.000
410.000 356.000 712957521091.000 0.000 0.000 0.000 0.000
410.000 354.000 712957937903.000 0.000 0.000 0.000 0.000
410.000 352.000 712958354716.000 0.000 0.000 0.000 0.000
410.000 350.000 712958771528.000 0.000 0.000 0.000 0.000
410.000 349.000 712959188341.000 0.000 0.000 0.000 0.000
410.000 348.000 712959605153.000 0.000 0.000 0.000 0.000
410.000 347.000 712960021966.000 0.000 0.000 0.000 0.000
410.000 346.000 712960438778.000 0.000 0.000 0.000 0.000
410.000 345.000 712960855591.000 0.000 0.000 0.000 0.000
410.000 345.000 712961272403.000 0.000 0.000 0.000 0.000
410.000 344.000 712961689216.000 0.000 0.000 0.000 0.000
411.000 344.000 712962106028.000 0.000 0.000 0.000 0.000
411.000 345.000 712962522841.000 0.000 0.000 0.000 0.000
411.000 345.000 712962939653.000 0.000 0.000 0.000 0.000
415.000 350.000 712964190091.000 0.000 0.000 0.000 0.000
413.000 349.000 712964606903.000 0.000 0.000 0.000 0.000
413.000 350.000 712965023716.000 0.000 0.000 0.000 0.000
414.000 352.000 712965440528.000 0.000 0.000 0.000 0.000
414.000 354.000 712965857341.000 0.000 0.000 0.000 0.000
415.000 356.000 712966274153.000 0.000 0.000 0.000 0.000
416.000 358.000 712966690966.000 0.000 0.000 0.000 0.000
416.000 357.000 712967107778.000 0.000 0.000 0.000 0.000
416.000 355.000 712967524591.000 0.000 0.000 0.000 0.000
415.000 352.000 712967941403.000 0.000 0.000 0.000 0.000
415.000 350.000 712968358216.000 0.000 0.000 0.000 0.000
415.000 348.000 712968775028.000 0.000 0.000 0.000 0.000
415.000 346.000 712969191841.000 0.000 0.000 0.000 0.000
415.000 344.000 712969608653.000 0.000 0.000 0.000 0.000
415.000 344.000 712970025466.000 0.000 0.000 0.000 0.000
416.000 342.000 712970442278.000 0.000 0.000 0.000 0.000
416.000 342.000 712970859091.000 0.000 0.000 0.000 0.000
416.000 341.000 712971275903.000 0.000 0.000 0.000 0.000
416.000 340.000 712971692716.000 0.000 0.000 0.000 0.000
416.000 340.000 712972109528.000 0.000 0.000 0.000 0.000
416.000 340.000 712972526341.000 0.000 0.000 0.000 0.000
417.000 341.000 712972943153.000 0.000 0.000 0.000 0.000
417.000 341.000 712973359966.000 0.000 0.000 0.000 0.000
421.000 347.000 712975027216.000 0.000 0.000 0.000 0.000
419.000 346.000 712975444028.000 0.000 0.000 0.000 0.000
419.000 348.000 712975860841.000 0.000 0.000 0.000 0.000
420.000 350.000 712976277653.000 0.000 0.000 0.000 0.000
420.000 352.000 712976694466.000 0.000 0.000 0.000 0.000
420.000 351.000 712977111278.000 0.000 0.000 0.000 0.000
420.000 349.000 712977528091.000 0.000 0.000 0.000 0.000
420.000 347.000 712977944903.000 0.000 0.000 0.000 0.000
420.000 345.000 712978361716.000 0.000 0.000 0.000 0.000
420.000 343.000 712978778528.000 0.000 0.000 0.000 0.000
420.000 341.000 712979195341.000 0.000 0.000 0.000 0.000
420.000 340.000 712979612153.000 0.000 0.000 0.000 0.000
420.000 339.000 712980028966.000 0.000 0.000 0.000 0.000
420.000 338.000 712980445778.000 0.000 0.000 0.000 0.000
420.000 338.000 712980862591.000 0.000 0.000 0.000 0.000
421.000 337.000 712981279403.000 0.000 0.000 0.000 0.000
421.000 337.000 712981696216.000 0.000 0.000 0.000 0.000
421.000 337.000 712982113028.000 0.000 0.000 0.000 0.000
421.000 337.000 712982529841.000 0.000 0.000 0.000 0.000
426.000 342.000 712984613903.000 0.000 0.000 0.000 0.000
423.000 342.000 712985030716.000 0.000 0.000 0.000 0.000
423.000 344.000 712985447528.000 0.000 0.000 0.000 0.000
424.000 346.000 712985864341.000 0.000 0.000 0.000 0.000
424.000 346.000 712986281153.000 0.000 0.000 0.000 0.000
424.000 344.000 712986697966.000 0.000 0.000 0.000 0.000
424.000 342.000 712987114778.000 0.000 0.000 0.000 0.000
424.000 340.000 712987531591.000 0.000 0.000 0.000 0.000
424.000 338.000 712987948403.000 0.000 0.000 0.000 0.000
424.000 337.000 712988365216.000 0.000 0.000 0.000 0.000
424.000 335.000 712988782028.000 0.000 0.000 0.000 0.000
424.000 335.000 712989198841.000 0.000 0.000 0.000 0.000
424.000 334.000 712989615653.000 0.000 0.000 0.000 0.000
424.000 333.000 712990032466.000 0.000 0.000 0.000 0.000
424.000 333.000 712990449278.000 0.000 0.000 0.000 0.000
424.000 333.000 712990866091.000 0.000 0.000 0.000 0.000
425.000 333.000 712991282903.000 0.000 0.000 0.000 0.000
425.000 333.000 712991699716.000 0.000 0.000 0.000 0.000
429.000 342.000 712993783778.000 0.000 0.000 0.000 0.000
427.000 340.000 712994200591.000 0.000 0.000 0.000 0.000
427.000 342.000 712994617403.000 0.000 0.000 0.000 0.000
427.000 342.000 712995034216.000 0.000 0.000 0.000 0.000
427.000 340.000 712995451028.000 0.000 0.000 0.000 0.000
427.000 338.000 712995867841.000 0.000 0.000 0.000 0.000
463.000 338.000 712953885257.000 0.000 0.000 0.000 0.000
463.000 339.000 712954302070.000 0.000 0.000 0.000 0.000
462.000 341.000 712954718882.000 0.000 0.000 0.000 0.000
461.000 343.000 712955135695.000 0.000 0.000 0.000 0.000
460.000 346.000 712955552507.000 0.000 0.000 0.000 0.000
460.000 348.000 712955969320.000 0.000 0.000 0.000 0.000
460.000 347.000 712956386132.000 0.000 0.000 0.000 0.000
460.000 344.000 712956802945.000 0.000 0.000 0.000 0.000
460.000 342.000 712957219757.000 0.000 0.000 0.000 0.000
461.000 340.000 712957636570.000 0.000 0.000 0.000 0.000
461.000 337.000 712958053382.000 0.000 0.000 0.000 0.000
461.000 336.000 712958470195.000 0.000 0.000 0.000 0.000
461.000 334.000 712958887007.000 0.000 0.000 0.000 0.000
461.000 333.000 712959303820.000 0.000 0.000 0.000 0.000
461.000 331.000 712959720632.000 0.000 0.000 0.000 0.000
461.000 331.000 712960137445.000 0.000 0.000 0.000 0.000
461.000 329.000 712960554257.000 0.000 0.000 0.000 0.000
461.000 329.000 712960971070.000 0.000 0.000 0.000 0.000
461.000 329.000 712961387882.000 0.000 0.000 0.000 0.000
461.000 329.000 712961804695.000 0.000 0.000 0.000 0.000
460.000 329.000 712962221507.000 0.000 0.000 0.000 0.000
460.000 329.000 712962638320.000 0.000 0.000 0.000 0.000
456.000 335.000 712964722382.000 0.000 0.000 0.000 0.000
458.000 334.000 712965139195.000 0.000 0.000 0.000 0.000
458.000 336.000 712965556007.000 0.000 0.000 0.000 0.000
457.000 338.000 712965972820.000 0.000 0.000 0.000 0.000
457.000 340.000 712966389632.000 0.000 0.000 0.000 0.000
456.000 342.000 712966806445.000 0.000 0.000 0.000 0.000
456.000 341.000 712967223257.000 0.000 0.000 0.000 0.000
456.000 338.000 712967640070.000 0.000 0.000 0.000 0.000
457.000 336.000 712968056882.000 0.000 0.000 0.000 0.000
457.000 334.000 712968473695.000 0.000 0.000 0.000 0.000
457.000 332.000 712968890507.000 0.000 0.000 0.000 0.000
457.000 330.000 712969307320.000 0.000 0.000 0.000 0.000
457.000 329.000 712969724132.000 0.000 0.000 0.000 0.000
457.000 328.000 712970140945.000 0.000 0.000 0.000 0.000
457.000 327.000 712970557757.000 0.000 0.000 0.000 0.000
457.000 326.000 712970974570.000 0.000 0.000 0.000 0.000
456.000 325.000 712971391382.000 0.000 0.000 0.000 0.000
456.000 325.000 712971808195.000 0.000 0.000 0.000 0.000
456.000 325.000 712972225007.000 0.000 0.000 0.000 0.000
456.000 325.000 712972641820.000 0.000 0.000 0.000 0.000
456.000 325.000 712973058632.000 0.000 0.000 0.000 0.000
455.000 325.000 712973475445.000 0.000 0.000 0.000 0.000
451.000 331.000 712974725882.000 0.000 0.000 0.000 0.000
454.000 329.000 712975142695.000 0.000 0.000 0.000 0.000
453.000 331.000 712975559507.000 0.000 0.000 0.000 0.000
453.000 332.000 712975976320.000 0.000 0.000 0.000 0.000
453.000 334.000 712976393132.000 0.000 0.000 0.000 0.000
452.000 336.000 712976809945.000 0.000 0.000 0.000 0.000
452.000 335.000 712977226757.000 0.000 0.000 0.000 0.000
452.000 333.000 712977643570.000 0.000 0.000 0.000 0.000
452.000 331.000 712978060382.000 0.000 0.000 0.000 0.000
452.000 329.000 712978477195.000 0.000 0.000 0.000 0.000
452.000 327.000 712978894007.000 0.000 0.000 0.000 0.000
452.000 326.000 712979310820.000 0.000 0.000 0.000 0.000
452.000 325.000 712979727632.000 0.000 0.000 0.000 0.000
452.000 324.000 712980144445.000 0.000 0.000 0.000 0.000
452.000 323.000 712980561257.000 0.000 0.000 0.000 0.000
452.000 322.000 712980978070.000 0.000 0.000 0.000 0.000
452.000 322.000 712981394882.000 0.000 0.000 0.000 0.000
452.000 321.000 712981811695.000 0.000 0.000 0.000 0.000
452.000 321.000 712982228507.000 0.000 0.000 0.000 0.000
451.000 322.000 712982645320.000 0.000 0.000 0.000 0.000
446.000 328.000 712984729382.000 0.000 0.000 0.000 0.000
449.000 327.000 712985146195.000 0.000 0.000 0.000 0.000
449.000 329.000 712985563007.000 0.000 0.000 0.000 0.000
448.000 330.000 712985979820.000 0.000 0.000 0.000 0.000
448.000 331.000 712986396632.000 0.000 0.000 0.000 0.000
448.000 329.000 712986813445.000 0.000 0.000 0.000 0.000
448.000 327.000 712987230257.000 0.000 0.000 0.000 0.000
448.000 325.000 712987647070.000 0.000 0.000 0.000 0.000
448.000 324.000 712988063882.000 0.000 0.000 0.000 0.000
448.000 322.000 712988480695.000 0.000 0.000 0.000 0.000
448.000 321.000 712988897507.000 0.000 0.000 0.000 0.000
448.000 320.000 712989314320.000 0.000 0.000 0.000 0.000
448.000 320.000 712989731132.000 0.000 0.000 0.000 0.000
447.000 319.000 712990147945.000 0.000 0.000 0.000 0.000
447.000 319.000 712990564757.000 0.000 0.000 0.000 0.000
447.000 319.000 712990981570.000 0.000 0.000 0.000 0.000
447.000 319.000 712991398382.000 0.000 0.000 0.000 0.000
447.000 319.000 712991815195.000 0.000 0.000 0.000 0.000
444.000 326.000 712993482445.000 0.000 0.000 0.000 0.000
445.000 324.000 712993899257.000 0.000 0.000 0.000 0.000
445.000 325.000 712994316070.000 0.000 0.000 0.000 0.000
444.000 327.000 712994732882.000 0.000 0.000 0.000 0.000
444.000 327.000 712995149695.000 0.000 0.000 0.000 0.000
444.000 325.000 712995566507.000 0.000 0.000 0.000 0.000
444.000 323.000 712995983320.000 0.000 0.000 0.000 0.000
444.000 321.000 712996400132.000 0.000 0.000 0.000 0.000
444.000 320.000 712996816945.000 0.000 0.000 0.000 0.000
444.000 319.000 712997233757.000 0.000 0.000 0.000 0.000
444.000 319.000 712997650570.000 0.000 0.000 0.000 0.000
444.000 318.000 712998067382.000 0.000 0.000 0.000 0.000
444.000 317.000 712998484195.000 0.000 0.000 0.000 0.000
444.000 317.000 712998901007.000 0.000 0.000 0.000 0.000
444.000 317.000 712999317820.000 0.000 0.000 0.000 0.000
444.000 317.000 712999734632.000 0.000 0.000 0.000 0.000
444.000 317.000 713000151445.000 0.000 0.000 0.000 0.000
439.000 322.000 713001818695.000 0.000 0.000 0.000 0.000
