445.000 150.000 709413071974.000 0.000 0.000 0.000 0.000
444.000 150.000 709413905599.000 0.000 0.000 0.000 0.000
443.000 151.000 709414739224.000 0.000 0.000 0.000 0.000
442.000 152.000 709415572849.000 0.000 0.000 0.000 0.000
442.000 150.000 709416406474.000 0.000 0.000 0.000 0.000
442.000 151.000 709416823287.000 0.000 0.000 0.000 0.000
441.000 151.000 709417656912.000 0.000 0.000 0.000 0.000
441.000 153.000 709418073724.000 0.000 0.000 0.000 0.000
440.000 153.000 709418490537.000 0.000 0.000 0.000 0.000
442.000 149.000 709418907349.000 0.000 0.000 0.000 0.000
441.000 150.000 709419324162.000 0.000 0.000 0.000 0.000
441.000 148.000 709420157787.000 0.000 0.000 0.000 0.000
440.000 149.000 709420574599.000 0.000 0.000 0.000 0.000
450.000 111.000 709421825037.000 0.000 0.000 0.000 0.000
449.000 109.000 709422658662.000 0.000 0.000 0.000 0.000
449.000 109.000 709423075474.000 0.000 0.000 0.000 0.000
449.000 108.000 709423492287.000 0.000 0.000 0.000 0.000
448.000 109.000 709424325912.000 0.000 0.000 0.000 0.000
447.000 108.000 709424742724.000 0.000 0.000 0.000 0.000
448.000 107.000 709425576349.000 0.000 0.000 0.000 0.000
446.000 107.000 709425993162.000 0.000 0.000 0.000 0.000
446.000 107.000 709426409974.000 0.000 0.000 0.000 0.000
445.000 106.000 709426826787.000 0.000 0.000 0.000 0.000
445.000 106.000 709427243599.000 0.000 0.000 0.000 0.000
445.000 106.000 709427660412.000 0.000 0.000 0.000 0.000
444.000 106.000 709428077224.000 0.000 0.000 0.000 0.000
443.000 105.000 709428494037.000 0.000 0.000 0.000 0.000
443.000 105.000 709428910849.000 0.000 0.000 0.000 0.000
443.000 104.000 709429327662.000 0.000 0.000 0.000 0.000
442.000 104.000 709429744474.000 0.000 0.000 0.000 0.000
441.000 104.000 709430161287.000 0.000 0.000 0.000 0.000
441.000 104.000 709430578099.000 0.000 0.000 0.000 0.000
440.000 104.000 709430994912.000 0.000 0.000 0.000 0.000
440.000 103.000 709431828537.000 0.000 0.000 0.000 0.000
439.000 103.000 709432245349.000 0.000 0.000 0.000 0.000
439.000 102.000 709432662162.000 0.000 0.000 0.000 0.000
438.000 102.000 709433078974.000 0.000 0.000 0.000 0.000
438.000 102.000 709433495787.000 0.000 0.000 0.000 0.000
437.000 102.000 709433912599.000 0.000 0.000 0.000 0.000
437.000 102.000 709434329412.000 0.000 0.000 0.000 0.000
436.000 102.000 709434746224.000 0.000 0.000 0.000 0.000
436.000 102.000 709435163037.000 0.000 0.000 0.000 0.000
436.000 101.000 709435579849.000 0.000 0.000 0.000 0.000
435.000 101.000 709435996662.000 0.000 0.000 0.000 0.000
435.000 101.000 709436413474.000 0.000 0.000 0.000 0.000
435.000 101.000 709436830287.000 0.000 0.000 0.000 0.000
434.000 101.000 709437247099.000 0.000 0.000 0.000 0.000
434.000 101.000 709437663912.000 0.000 0.000 0.000 0.000
433.000 101.000 709438080724.000 0.000 0.000 0.000 0.000
433.000 101.000 709438497537.000 0.000 0.000 0.000 0.000
433.000 101.000 709438914349.000 0.000 0.000 0.000 0.000
433.000 101.000 709439331162.000 0.000 0.000 0.000 0.000
432.000 100.000 709439747974.000 0.000 0.000 0.000 0.000
432.000 100.000 709440164787.000 0.000 0.000 0.000 0.000
432.000 99.000 709440581599.000 0.000 0.000 0.000 0.000
432.000 99.000 709440998412.000 0.000 0.000 0.000 0.000
431.000 99.000 709441415224.000 0.000 0.000 0.000 0.000
430.000 98.000 709442665662.000 0.000 0.000 0.000 0.000
424.000 81.000 709506021162.000 0.000 0.000 0.000 0.000
424.000 81.000 709506437974.000 0.000 0.000 0.000 0.000
424.000 81.000 709507271599.000 0.000 0.000 0.000 0.000
424.000 80.000 709508105224.000 0.000 0.000 0.000 0.000
424.000 80.000 709508938849.000 0.000 0.000 0.000 0.000
423.000 79.000 709509772474.000 0.000 0.000 0.000 0.000
423.000 79.000 709510606099.000 0.000 0.000 0.000 0.000
423.000 78.000 709511439724.000 0.000 0.000 0.000 0.000
423.000 78.000 709511856537.000 0.000 0.000 0.000 0.000
423.000 78.000 709513106974.000 0.000 0.000 0.000 0.000
422.000 77.000 709513523787.000 0.000 0.000 0.000 0.000
422.000 77.000 709513940599.000 0.000 0.000 0.000 0.000
422.000 77.000 709514774224.000 0.000 0.000 0.000 0.000
422.000 77.000 709515191037.000 0.000 0.000 0.000 0.000
421.000 76.000 709515607849.000 0.000 0.000 0.000 0.000
421.000 76.000 709516441474.000 0.000 0.000 0.000 0.000
420.000 75.000 709517691912.000 0.000 0.000 0.000 0.000
419.000 81.000 709535614849.000 0.000 0.000 0.000 0.000
419.000 78.000 709536031662.000 0.000 0.000 0.000 0.000
419.000 79.000 709536865287.000 0.000 0.000 0.000 0.000
425.000 87.000 709592718162.000 0.000 0.000 0.000 0.000
425.000 93.000 709608973849.000 0.000 0.000 0.000 0.000
424.000 92.000 709609807474.000 0.000 0.000 0.000 0.000
423.000 92.000 709610224287.000 0.000 0.000 0.000 0.000
424.000 92.000 709611057912.000 0.000 0.000 0.000 0.000
423.000 94.000 709612725162.000 0.000 0.000 0.000 0.000
427.000 88.000 709621478224.000 0.000 0.000 0.000 0.000
426.000 85.000 709625646349.000 0.000 0.000 0.000 0.000
426.000 85.000 709626063162.000 0.000 0.000 0.000 0.000
426.000 85.000 709626479974.000 0.000 0.000 0.000 0.000
421.000 82.000 709634816224.000 0.000 0.000 0.000 0.000
421.000 82.000 709635233037.000 0.000 0.000 0.000 0.000
421.000 82.000 709636066662.000 0.000 0.000 0.000 0.000
421.000 82.000 709636900287.000 0.000 0.000 0.000 0.000
430.000 73.000 709746938787.000 0.000 0.000 0.000 0.000
429.000 71.000 709748606037.000 0.000 0.000 0.000 0.000
428.000 72.000 709749022849.000 0.000 0.000 0.000 0.000
429.000 71.000 709750273287.000 0.000 0.000 0.000 0.000
429.000 71.000 709750690099.000 0.000 0.000 0.000 0.000
429.000 71.000 709751523724.000 0.000 0.000 0.000 0.000
429.000 71.000 709752357349.000 0.000 0.000 0.000 0.000
207.000 151.000 709421396509.000 0.000 0.000 0.000 0.000
207.000 152.000 709422230134.000 0.000 0.000 0.000 0.000
206.000 151.000 709422646947.000 0.000 0.000 0.000 0.000
205.000 149.000 709423480572.000 0.000 0.000 0.000 0.000
205.000 150.000 709424314197.000 0.000 0.000 0.000 0.000
205.000 150.000 709424731009.000 0.000 0.000 0.000 0.000
206.000 151.000 709425147822.000 0.000 0.000 0.000 0.000
205.000 149.000 709425564634.000 0.000 0.000 0.000 0.000
204.000 147.000 709425981447.000 0.000 0.000 0.000 0.000
204.000 148.000 709426398259.000 0.000 0.000 0.000 0.000
203.000 147.000 709426815072.000 0.000 0.000 0.000 0.000
203.000 148.000 709427231884.000 0.000 0.000 0.000 0.000
203.000 147.000 709427648697.000 0.000 0.000 0.000 0.000
202.000 146.000 709428065509.000 0.000 0.000 0.000 0.000
202.000 146.000 709428482322.000 0.000 0.000 0.000 0.000
204.000 149.000 709428899134.000 0.000 0.000 0.000 0.000
202.000 146.000 709429315947.000 0.000 0.000 0.000 0.000
201.000 146.000 709429732759.000 0.000 0.000 0.000 0.000
201.000 147.000 709430149572.000 0.000 0.000 0.000 0.000
201.000 145.000 709430566384.000 0.000 0.000 0.000 0.000
200.000 144.000 709430983197.000 0.000 0.000 0.000 0.000
201.000 145.000 709431400009.000 0.000 0.000 0.000 0.000
201.000 146.000 709431816822.000 0.000 0.000 0.000 0.000
200.000 146.000 709432233634.000 0.000 0.000 0.000 0.000
200.000 145.000 709432650447.000 0.000 0.000 0.000 0.000
199.000 145.000 709433067259.000 0.000 0.000 0.000 0.000
200.000 146.000 709433484072.000 0.000 0.000 0.000 0.000
198.000 143.000 709433900884.000 0.000 0.000 0.000 0.000
200.000 146.000 709434317697.000 0.000 0.000 0.000 0.000
198.000 143.000 709434734509.000 0.000 0.000 0.000 0.000
197.000 142.000 709435151322.000 0.000 0.000 0.000 0.000
197.000 143.000 709435568134.000 0.000 0.000 0.000 0.000
197.000 143.000 709435984947.000 0.000 0.000 0.000 0.000
198.000 144.000 709436401759.000 0.000 0.000 0.000 0.000
197.000 143.000 709436818572.000 0.000 0.000 0.000 0.000
197.000 142.000 709437235384.000 0.000 0.000 0.000 0.000
197.000 142.000 709437652197.000 0.000 0.000 0.000 0.000
196.000 141.000 709438069009.000 0.000 0.000 0.000 0.000
196.000 142.000 709438485822.000 0.000 0.000 0.000 0.000
196.000 142.000 709438902634.000 0.000 0.000 0.000 0.000
196.000 143.000 709439319447.000 0.000 0.000 0.000 0.000
196.000 142.000 709439736259.000 0.000 0.000 0.000 0.000
195.000 140.000 709440153072.000 0.000 0.000 0.000 0.000
194.000 139.000 709440569884.000 0.000 0.000 0.000 0.000
166.000 82.000 709483501572.000 0.000 0.000 0.000 0.000
166.000 83.000 709483918384.000 0.000 0.000 0.000 0.000
161.000 77.000 709502258134.000 0.000 0.000 0.000 0.000
160.000 75.000 709506009447.000 0.000 0.000 0.000 0.000
161.000 76.000 709506843072.000 0.000 0.000 0.000 0.000
160.000 73.000 709508093509.000 0.000 0.000 0.000 0.000
160.000 75.000 709508510322.000 0.000 0.000 0.000 0.000
160.000 75.000 709508927134.000 0.000 0.000 0.000 0.000
160.000 75.000 709509760759.000 0.000 0.000 0.000 0.000
159.000 74.000 709510177572.000 0.000 0.000 0.000 0.000
159.000 74.000 709510594384.000 0.000 0.000 0.000 0.000
158.000 72.000 709511844822.000 0.000 0.000 0.000 0.000
159.000 73.000 709512261634.000 0.000 0.000 0.000 0.000
158.000 73.000 709513095259.000 0.000 0.000 0.000 0.000
158.000 72.000 709513512072.000 0.000 0.000 0.000 0.000
158.000 72.000 709514762509.000 0.000 0.000 0.000 0.000
158.000 72.000 709515179322.000 0.000 0.000 0.000 0.000
157.000 71.000 709516012947.000 0.000 0.000 0.000 0.000
157.000 71.000 709516846572.000 0.000 0.000 0.000 0.000
157.000 70.000 709518513822.000 0.000 0.000 0.000 0.000
156.000 70.000 709518930634.000 0.000 0.000 0.000 0.000
156.000 70.000 709519347447.000 0.000 0.000 0.000 0.000
156.000 70.000 709519764259.000 0.000 0.000 0.000 0.000
156.000 70.000 709520597884.000 0.000 0.000 0.000 0.000
155.000 67.000 709521431509.000 0.000 0.000 0.000 0.000
155.000 69.000 709522265134.000 0.000 0.000 0.000 0.000
166.000 79.000 709566864072.000 0.000 0.000 0.000 0.000
165.000 77.000 709567697697.000 0.000 0.000 0.000 0.000
166.000 80.000 709568948134.000 0.000 0.000 0.000 0.000
165.000 77.000 709570198572.000 0.000 0.000 0.000 0.000
168.000 87.000 709608962134.000 0.000 0.000 0.000 0.000
168.000 88.000 709609378947.000 0.000 0.000 0.000 0.000
168.000 88.000 709610212572.000 0.000 0.000 0.000 0.000
168.000 88.000 709610629384.000 0.000 0.000 0.000 0.000
168.000 88.000 709611463009.000 0.000 0.000 0.000 0.000
168.000 88.000 709611879822.000 0.000 0.000 0.000 0.000
168.000 88.000 709612296634.000 0.000 0.000 0.000 0.000
168.000 88.000 709613130259.000 0.000 0.000 0.000 0.000
170.000 84.000 709621883322.000 0.000 0.000 0.000 0.000
169.000 84.000 709622716947.000 0.000 0.000 0.000 0.000
169.000 83.000 709623967384.000 0.000 0.000 0.000 0.000
168.000 82.000 709624384197.000 0.000 0.000 0.000 0.000
167.000 81.000 709626051447.000 0.000 0.000 0.000 0.000
167.000 81.000 709626885072.000 0.000 0.000 0.000 0.000
166.000 80.000 709628552322.000 0.000 0.000 0.000 0.000
167.000 79.000 709628969134.000 0.000 0.000 0.000 0.000
166.000 79.000 709629385947.000 0.000 0.000 0.000 0.000
165.000 78.000 709630219572.000 0.000 0.000 0.000 0.000
165.000 79.000 709630636384.000 0.000 0.000 0.000 0.000
165.000 79.000 709631053197.000 0.000 0.000 0.000 0.000
165.000 79.000 709631470009.000 0.000 0.000 0.000 0.000
163.000 77.000 709633554072.000 0.000 0.000 0.000 0.000
165.000 68.000 709744009384.000 0.000 0.000 0.000 0.000
165.000 69.000 709744426197.000 0.000 0.000 0.000 0.000
165.000 69.000 709744843009.000 0.000 0.000 0.000 0.000
165.000 66.000 709749011134.000 0.000 0.000 0.000 0.000
438.000 61.000 709947301610.000 0.000 0.000 0.000 0.000
440.000 60.000 709947718423.000 0.000 0.000 0.000 0.000
440.000 60.000 709948135236.000 0.000 0.000 0.000 0.000
440.000 59.000 709948968861.000 0.000 0.000 0.000 0.000
440.000 59.000 709949385673.000 0.000 0.000 0.000 0.000
441.000 59.000 709949802486.000 0.000 0.000 0.000 0.000
441.000 58.000 709950636110.000 0.000 0.000 0.000 0.000
441.000 58.000 709951052923.000 0.000 0.000 0.000 0.000
442.000 57.000 709951886548.000 0.000 0.000 0.000 0.000
442.000 57.000 709952303361.000 0.000 0.000 0.000 0.000
442.000 57.000 709952720173.000 0.000 0.000 0.000 0.000
443.000 57.000 709954387423.000 0.000 0.000 0.000 0.000
444.000 56.000 709955221048.000 0.000 0.000 0.000 0.000
444.000 56.000 709955637861.000 0.000 0.000 0.000 0.000
445.000 57.000 709956054673.000 0.000 0.000 0.000 0.000
445.000 57.000 709956471486.000 0.000 0.000 0.000 0.000
446.000 57.000 709957721923.000 0.000 0.000 0.000 0.000
446.000 57.000 709958138735.000 0.000 0.000 0.000 0.000
446.000 57.000 709958972361.000 0.000 0.000 0.000 0.000
446.000 58.000 709959805986.000 0.000 0.000 0.000 0.000
447.000 58.000 709960222798.000 0.000 0.000 0.000 0.000
448.000 59.000 709961473236.000 0.000 0.000 0.000 0.000
173.000 55.000 709945909945.000 0.000 0.000 0.000 0.000
172.000 59.000 709947160382.000 0.000 0.000 0.000 0.000
172.000 56.000 709947577195.000 0.000 0.000 0.000 0.000
172.000 55.000 709948410820.000 0.000 0.000 0.000 0.000
173.000 55.000 709949244445.000 0.000 0.000 0.000 0.000
173.000 54.000 709950078070.000 0.000 0.000 0.000 0.000
174.000 54.000 709950911695.000 0.000 0.000 0.000 0.000
175.000 53.000 709952162132.000 0.000 0.000 0.000 0.000
176.000 53.000 709952995757.000 0.000 0.000 0.000 0.000
176.000 52.000 709953829382.000 0.000 0.000 0.000 0.000
177.000 53.000 709954246195.000 0.000 0.000 0.000 0.000
178.000 53.000 709955079820.000 0.000 0.000 0.000 0.000
179.000 53.000 709956330257.000 0.000 0.000 0.000 0.000
180.000 53.000 709956747070.000 0.000 0.000 0.000 0.000
180.000 53.000 709957580695.000 0.000 0.000 0.000 0.000
180.000 53.000 709957997507.000 0.000 0.000 0.000 0.000
181.000 53.000 709958414320.000 0.000 0.000 0.000 0.000
181.000 54.000 709959247945.000 0.000 0.000 0.000 0.000
182.000 54.000 709960081570.000 0.000 0.000 0.000 0.000
182.000 54.000 709960915195.000 0.000 0.000 0.000 0.000
182.000 54.000 709961748820.000 0.000 0.000 0.000 0.000
182.000 54.000 709962165632.000 0.000 0.000 0.000 0.000
182.000 55.000 709962999257.000 0.000 0.000 0.000 0.000
182.000 55.000 709963832882.000 0.000 0.000 0.000 0.000
