462.000 4.000 1.000 854882062667.000 0.000 0.000 0.000
462.000 4.000 1.000 854882896292.000 0.000 0.000 0.000
462.000 5.000 1.000 854883729917.000 0.000 0.000 0.000
463.000 2.000 1.000 854922076667.000 0.000 0.000 0.000
463.000 4.000 1.000 854922910292.000 0.000 0.000 0.000
463.000 4.000 1.000 854923743917.000 0.000 0.000 0.000
463.000 4.000 1.000 854924577542.000 0.000 0.000 0.000
463.000 4.000 1.000 854924994354.000 0.000 0.000 0.000
464.000 4.000 1.000 854925827979.000 0.000 0.000 0.000
467.000 2.000 1.000 854927495229.000 0.000 0.000 0.000
467.000 2.000 1.000 854928745667.000 0.000 0.000 0.000
465.000 3.000 1.000 854929162479.000 0.000 0.000 0.000
466.000 3.000 1.000 854929996104.000 0.000 0.000 0.000
439.000 2.000 1.000 854941250042.000 0.000 0.000 0.000
437.000 3.000 1.000 854941666854.000 0.000 0.000 0.000
435.000 4.000 1.000 854942083667.000 0.000 0.000 0.000
433.000 5.000 1.000 854942500479.000 0.000 0.000 0.000
430.000 7.000 1.000 854942917292.000 0.000 0.000 0.000
428.000 9.000 1.000 854943334104.000 0.000 0.000 0.000
426.000 12.000 1.000 854943750917.000 0.000 0.000 0.000
424.000 15.000 1.000 854944167729.000 0.000 0.000 0.000
421.000 18.000 1.000 854944584542.000 0.000 0.000 0.000
419.000 22.000 1.000 854945001354.000 0.000 0.000 0.000
417.000 26.000 1.000 854945418167.000 0.000 0.000 0.000
415.000 31.000 1.000 854945834979.000 0.000 0.000 0.000
413.000 36.000 1.000 854946251792.000 0.000 0.000 0.000
408.000 45.000 1.000 854947085417.000 0.000 0.000 0.000
405.000 51.000 1.000 854947502229.000 0.000 0.000 0.000
400.000 61.000 1.000 854948335854.000 0.000 0.000 0.000
398.000 67.000 1.000 854948752667.000 0.000 0.000 0.000
393.000 80.000 1.000 854949586292.000 0.000 0.000 0.000
391.000 87.000 1.000 854950003104.000 0.000 0.000 0.000
387.000 101.000 1.000 854950836729.000 0.000 0.000 0.000
384.000 108.000 1.000 854951253542.000 0.000 0.000 0.000
378.000 133.000 1.000 854952503979.000 0.000 0.000 0.000
392.000 159.000 1.000 854952920792.000 0.000 0.000 0.000
392.000 167.000 1.000 854953337604.000 0.000 0.000 0.000
389.000 179.000 1.000 854954171229.000 0.000 0.000 0.000
389.000 185.000 1.000 854954588042.000 0.000 0.000 0.000
387.000 192.000 1.000 854955004854.000 0.000 0.000 0.000
385.000 198.000 1.000 854955421667.000 0.000 0.000 0.000
382.000 205.000 1.000 854955838479.000 0.000 0.000 0.000
383.000 212.000 1.000 854956255292.000 0.000 0.000 0.000
381.000 220.000 1.000 854956672104.000 0.000 0.000 0.000
380.000 228.000 1.000 854957088917.000 0.000 0.000 0.000
380.000 234.000 1.000 854957505729.000 0.000 0.000 0.000
377.000 243.000 1.000 854957922542.000 0.000 0.000 0.000
376.000 250.000 1.000 854958339354.000 0.000 0.000 0.000
375.000 259.000 1.000 854958756167.000 0.000 0.000 0.000
375.000 266.000 1.000 854959172979.000 0.000 0.000 0.000
376.000 271.000 1.000 854959589792.000 0.000 0.000 0.000
377.000 276.000 1.000 854960006604.000 0.000 0.000 0.000
367.000 299.000 1.000 854960423417.000 0.000 0.000 0.000
336.000 362.000 1.000 854960840229.000 0.000 0.000 0.000
332.000 363.000 1.000 854961257042.000 0.000 0.000 0.000
328.000 358.000 1.000 854961673854.000 0.000 0.000 0.000
324.000 354.000 1.000 854962090667.000 0.000 0.000 0.000
320.000 350.000 1.000 854962507479.000 0.000 0.000 0.000
316.000 346.000 1.000 854962924292.000 0.000 0.000 0.000
312.000 342.000 1.000 854963341104.000 0.000 0.000 0.000
308.000 338.000 1.000 854963757917.000 0.000 0.000 0.000
304.000 335.000 1.000 854964174729.000 0.000 0.000 0.000
301.000 331.000 1.000 854964591542.000 0.000 0.000 0.000
296.000 328.000 1.000 854965008354.000 0.000 0.000 0.000
292.000 325.000 1.000 854965425167.000 0.000 0.000 0.000
288.000 323.000 1.000 854965841979.000 0.000 0.000 0.000
284.000 321.000 1.000 854966258792.000 0.000 0.000 0.000
280.000 319.000 1.000 854966675604.000 0.000 0.000 0.000
276.000 317.000 1.000 854967092417.000 0.000 0.000 0.000
272.000 315.000 1.000 854967509229.000 0.000 0.000 0.000
268.000 314.000 1.000 854967926042.000 0.000 0.000 0.000
265.000 313.000 1.000 854968342854.000 0.000 0.000 0.000
260.000 311.000 1.000 854968759667.000 0.000 0.000 0.000
256.000 311.000 1.000 854969176479.000 0.000 0.000 0.000
251.000 311.000 1.000 854969593292.000 0.000 0.000 0.000
248.000 311.000 1.000 854970010104.000 0.000 0.000 0.000
244.000 311.000 1.000 854970426917.000 0.000 0.000 0.000
240.000 311.000 1.000 854970843729.000 0.000 0.000 0.000
236.000 312.000 1.000 854971260542.000 0.000 0.000 0.000
232.000 314.000 1.000 854971677354.000 0.000 0.000 0.000
228.000 315.000 1.000 854972094167.000 0.000 0.000 0.000
224.000 316.000 1.000 854972510979.000 0.000 0.000 0.000
220.000 318.000 1.000 854972927792.000 0.000 0.000 0.000
216.000 321.000 1.000 854973344604.000 0.000 0.000 0.000
212.000 324.000 1.000 854973761417.000 0.000 0.000 0.000
208.000 327.000 1.000 854974178229.000 0.000 0.000 0.000
204.000 330.000 1.000 854974595042.000 0.000 0.000 0.000
200.000 333.000 1.000 854975011854.000 0.000 0.000 0.000
197.000 337.000 1.000 854975428667.000 0.000 0.000 0.000
193.000 342.000 1.000 854975845479.000 0.000 0.000 0.000
189.000 346.000 1.000 854976262292.000 0.000 0.000 0.000
185.000 351.000 1.000 854976679104.000 0.000 0.000 0.000
181.000 357.000 1.000 854977095917.000 0.000 0.000 0.000
178.000 362.000 1.000 854977512729.000 0.000 0.000 0.000
174.000 368.000 1.000 854977929542.000 0.000 0.000 0.000
171.000 375.000 1.000 854978346354.000 0.000 0.000 0.000
167.000 382.000 1.000 854978763167.000 0.000 0.000 0.000
164.000 389.000 1.000 854979179979.000 0.000 0.000 0.000
161.000 396.000 1.000 854979596792.000 0.000 0.000 0.000
158.000 404.000 1.000 854980013604.000 0.000 0.000 0.000
155.000 411.000 1.000 854980430417.000 0.000 0.000 0.000
151.000 421.000 1.000 854980847229.000 0.000 0.000 0.000
148.000 429.000 1.000 854981264042.000 0.000 0.000 0.000
145.000 439.000 1.000 854981680854.000 0.000 0.000 0.000
142.000 448.000 1.000 854982097667.000 0.000 0.000 0.000
139.000 458.000 1.000 854982514479.000 0.000 0.000 0.000
137.000 468.000 1.000 854982931292.000 0.000 0.000 0.000
134.000 478.000 1.000 854983348104.000 0.000 0.000 0.000
133.000 485.000 1.000 854983764917.000 0.000 0.000 0.000
204.000 2.000 2.000 854930422967.000 0.000 0.000 0.000
201.000 2.000 2.000 854932923842.000 0.000 0.000 0.000
244.000 3.000 2.000 854942510529.000 0.000 0.000 0.000
247.000 5.000 2.000 854942927342.000 0.000 0.000 0.000
250.000 7.000 2.000 854943344154.000 0.000 0.000 0.000
257.000 12.000 2.000 854944177779.000 0.000 0.000 0.000
259.000 15.000 2.000 854944594592.000 0.000 0.000 0.000
265.000 22.000 2.000 854945428217.000 0.000 0.000 0.000
269.000 27.000 2.000 854945845029.000 0.000 0.000 0.000
273.000 31.000 2.000 854946261842.000 0.000 0.000 0.000
276.000 36.000 2.000 854946678654.000 0.000 0.000 0.000
279.000 41.000 2.000 854947095467.000 0.000 0.000 0.000
283.000 46.000 2.000 854947512279.000 0.000 0.000 0.000
286.000 52.000 2.000 854947929092.000 0.000 0.000 0.000
289.000 57.000 2.000 854948345904.000 0.000 0.000 0.000
292.000 63.000 2.000 854948762717.000 0.000 0.000 0.000
295.000 69.000 2.000 854949179529.000 0.000 0.000 0.000
299.000 75.000 2.000 854949596342.000 0.000 0.000 0.000
302.000 82.000 2.000 854950013154.000 0.000 0.000 0.000
305.000 88.000 2.000 854950429967.000 0.000 0.000 0.000
309.000 96.000 2.000 854950846779.000 0.000 0.000 0.000
312.000 103.000 2.000 854951263592.000 0.000 0.000 0.000
319.000 119.000 2.000 854952097217.000 0.000 0.000 0.000
326.000 135.000 2.000 854952930842.000 0.000 0.000 0.000
329.000 144.000 2.000 854953347654.000 0.000 0.000 0.000
333.000 154.000 2.000 854953764467.000 0.000 0.000 0.000
340.000 173.000 2.000 854954598092.000 0.000 0.000 0.000
344.000 183.000 2.000 854955014904.000 0.000 0.000 0.000
347.000 193.000 2.000 854955431717.000 0.000 0.000 0.000
351.000 203.000 2.000 854955848529.000 0.000 0.000 0.000
354.000 214.000 2.000 854956265342.000 0.000 0.000 0.000
358.000 226.000 2.000 854956682154.000 0.000 0.000 0.000
361.000 238.000 2.000 854957098967.000 0.000 0.000 0.000
365.000 249.000 2.000 854957515779.000 0.000 0.000 0.000
368.000 261.000 2.000 854957932592.000 0.000 0.000 0.000
372.000 270.000 2.000 854958349404.000 0.000 0.000 0.000
403.000 351.000 2.000 854961683904.000 0.000 0.000 0.000
406.000 346.000 2.000 854962100717.000 0.000 0.000 0.000
409.000 341.000 2.000 854962517529.000 0.000 0.000 0.000
412.000 337.000 2.000 854962934342.000 0.000 0.000 0.000
417.000 333.000 2.000 854963351154.000 0.000 0.000 0.000
421.000 330.000 2.000 854963767967.000 0.000 0.000 0.000
425.000 326.000 2.000 854964184779.000 0.000 0.000 0.000
429.000 323.000 2.000 854964601592.000 0.000 0.000 0.000
433.000 318.000 2.000 854965018404.000 0.000 0.000 0.000
438.000 316.000 2.000 854965435217.000 0.000 0.000 0.000
442.000 314.000 2.000 854965852029.000 0.000 0.000 0.000
446.000 311.000 2.000 854966268842.000 0.000 0.000 0.000
451.000 309.000 2.000 854966685654.000 0.000 0.000 0.000
455.000 307.000 2.000 854967102467.000 0.000 0.000 0.000
459.000 305.000 2.000 854967519279.000 0.000 0.000 0.000
463.000 304.000 2.000 854967936092.000 0.000 0.000 0.000
468.000 302.000 2.000 854968352904.000 0.000 0.000 0.000
472.000 301.000 2.000 854968769717.000 0.000 0.000 0.000
476.000 300.000 2.000 854969186529.000 0.000 0.000 0.000
481.000 300.000 2.000 854969603342.000 0.000 0.000 0.000
485.000 300.000 2.000 854970020154.000 0.000 0.000 0.000
489.000 300.000 2.000 854970436967.000 0.000 0.000 0.000
493.000 300.000 2.000 854970853779.000 0.000 0.000 0.000
498.000 301.000 2.000 854971270592.000 0.000 0.000 0.000
502.000 302.000 2.000 854971687404.000 0.000 0.000 0.000
506.000 303.000 2.000 854972104217.000 0.000 0.000 0.000
510.000 304.000 2.000 854972521029.000 0.000 0.000 0.000
515.000 306.000 2.000 854972937842.000 0.000 0.000 0.000
519.000 308.000 2.000 854973354654.000 0.000 0.000 0.000
524.000 311.000 2.000 854973771467.000 0.000 0.000 0.000
528.000 314.000 2.000 854974188279.000 0.000 0.000 0.000
532.000 317.000 2.000 854974605092.000 0.000 0.000 0.000
536.000 320.000 2.000 854975021904.000 0.000 0.000 0.000
540.000 324.000 2.000 854975438717.000 0.000 0.000 0.000
544.000 328.000 2.000 854975855529.000 0.000 0.000 0.000
548.000 332.000 2.000 854976272342.000 0.000 0.000 0.000
553.000 337.000 2.000 854976689154.000 0.000 0.000 0.000
557.000 342.000 2.000 854977105967.000 0.000 0.000 0.000
561.000 347.000 2.000 854977522779.000 0.000 0.000 0.000
565.000 353.000 2.000 854977939592.000 0.000 0.000 0.000
569.000 359.000 2.000 854978356404.000 0.000 0.000 0.000
573.000 366.000 2.000 854978773217.000 0.000 0.000 0.000
577.000 373.000 2.000 854979190029.000 0.000 0.000 0.000
580.000 380.000 2.000 854979606842.000 0.000 0.000 0.000
584.000 387.000 2.000 854980023654.000 0.000 0.000 0.000
587.000 394.000 2.000 854980440467.000 0.000 0.000 0.000
591.000 403.000 2.000 854980857279.000 0.000 0.000 0.000
595.000 412.000 2.000 854981274092.000 0.000 0.000 0.000
599.000 421.000 2.000 854981690904.000 0.000 0.000 0.000
602.000 430.000 2.000 854982107717.000 0.000 0.000 0.000
606.000 439.000 2.000 854982524529.000 0.000 0.000 0.000
609.000 449.000 2.000 854982941342.000 0.000 0.000 0.000
612.000 460.000 2.000 854983358154.000 0.000 0.000 0.000
615.000 470.000 2.000 854983774967.000 0.000 0.000 0.000
618.000 481.000 2.000 854984191779.000 0.000 0.000 0.000
622.000 486.000 2.000 854984608592.000 0.000 0.000 0.000
613.000 488.000 2.000 854993778467.000 0.000 0.000 0.000
615.000 487.000 2.000 854994195279.000 0.000 0.000 0.000
617.000 487.000 2.000 854994612092.000 0.000 0.000 0.000
619.000 486.000 2.000 854995028904.000 0.000 0.000 0.000
622.000 486.000 2.000 854995445717.000 0.000 0.000 0.000
625.000 486.000 2.000 854995862529.000 0.000 0.000 0.000
628.000 486.000 2.000 854996279342.000 0.000 0.000 0.000
630.000 486.000 2.000 854996696154.000 0.000 0.000 0.000
633.000 486.000 2.000 854997112967.000 0.000 0.000 0.000
636.000 487.000 2.000 854997529779.000 0.000 0.000 0.000
638.000 487.000 2.000 854997946592.000 0.000 0.000 0.000
641.000 488.000 2.000 854998363404.000 0.000 0.000 0.000
