442.000 4.000 1.000 737392386262.000 0.000 0.000 0.000
441.000 5.000 1.000 737392803074.000 0.000 0.000 0.000
437.000 6.000 1.000 737393636699.000 0.000 0.000 0.000
431.000 15.000 1.000 737395303949.000 0.000 0.000 0.000
427.000 20.000 1.000 737396137574.000 0.000 0.000 0.000
426.000 24.000 1.000 737396554387.000 0.000 0.000 0.000
413.000 58.000 1.000 737399888887.000 0.000 0.000 0.000
410.000 69.000 1.000 737400722512.000 0.000 0.000 0.000
408.000 74.000 1.000 737401139324.000 0.000 0.000 0.000
407.000 80.000 1.000 737401556137.000 0.000 0.000 0.000
405.000 87.000 1.000 737401972949.000 0.000 0.000 0.000
404.000 93.000 1.000 737402389762.000 0.000 0.000 0.000
402.000 100.000 1.000 737402806574.000 0.000 0.000 0.000
401.000 107.000 1.000 737403223387.000 0.000 0.000 0.000
399.000 115.000 1.000 737403640199.000 0.000 0.000 0.000
402.000 132.000 1.000 737404057012.000 0.000 0.000 0.000
407.000 153.000 1.000 737404473824.000 0.000 0.000 0.000
406.000 158.000 1.000 737404890637.000 0.000 0.000 0.000
405.000 164.000 1.000 737405307449.000 0.000 0.000 0.000
405.000 171.000 1.000 737405724262.000 0.000 0.000 0.000
403.000 175.000 1.000 737406141074.000 0.000 0.000 0.000
403.000 181.000 1.000 737406557887.000 0.000 0.000 0.000
402.000 188.000 1.000 737406974699.000 0.000 0.000 0.000
402.000 194.000 1.000 737407391512.000 0.000 0.000 0.000
400.000 201.000 1.000 737407808324.000 0.000 0.000 0.000
400.000 208.000 1.000 737408225137.000 0.000 0.000 0.000
399.000 215.000 1.000 737408641949.000 0.000 0.000 0.000
399.000 221.000 1.000 737409058762.000 0.000 0.000 0.000
397.000 229.000 1.000 737409475574.000 0.000 0.000 0.000
397.000 237.000 1.000 737409892387.000 0.000 0.000 0.000
397.000 244.000 1.000 737410309199.000 0.000 0.000 0.000
395.000 252.000 1.000 737410726012.000 0.000 0.000 0.000
392.000 265.000 1.000 737411142824.000 0.000 0.000 0.000
394.000 268.000 1.000 737411559637.000 0.000 0.000 0.000
392.000 280.000 1.000 737411976449.000 0.000 0.000 0.000
381.000 317.000 1.000 737412393262.000 0.000 0.000 0.000
372.000 337.000 1.000 737412810074.000 0.000 0.000 0.000
369.000 332.000 1.000 737413226887.000 0.000 0.000 0.000
366.000 327.000 1.000 737413643699.000 0.000 0.000 0.000
364.000 322.000 1.000 737414060512.000 0.000 0.000 0.000
361.000 317.000 1.000 737414477324.000 0.000 0.000 0.000
358.000 313.000 1.000 737414894137.000 0.000 0.000 0.000
355.000 309.000 1.000 737415310949.000 0.000 0.000 0.000
353.000 304.000 1.000 737415727762.000 0.000 0.000 0.000
350.000 300.000 1.000 737416144574.000 0.000 0.000 0.000
347.000 297.000 1.000 737416561387.000 0.000 0.000 0.000
344.000 293.000 1.000 737416978199.000 0.000 0.000 0.000
342.000 290.000 1.000 737417395012.000 0.000 0.000 0.000
339.000 287.000 1.000 737417811824.000 0.000 0.000 0.000
336.000 284.000 1.000 737418228637.000 0.000 0.000 0.000
334.000 282.000 1.000 737418645449.000 0.000 0.000 0.000
331.000 280.000 1.000 737419062262.000 0.000 0.000 0.000
328.000 278.000 1.000 737419479074.000 0.000 0.000 0.000
325.000 276.000 1.000 737419895887.000 0.000 0.000 0.000
323.000 274.000 1.000 737420312699.000 0.000 0.000 0.000
320.000 272.000 1.000 737420729512.000 0.000 0.000 0.000
318.000 272.000 1.000 737421146324.000 0.000 0.000 0.000
315.000 271.000 1.000 737421563137.000 0.000 0.000 0.000
313.000 270.000 1.000 737421979949.000 0.000 0.000 0.000
310.000 270.000 1.000 737422396762.000 0.000 0.000 0.000
307.000 270.000 1.000 737422813574.000 0.000 0.000 0.000
305.000 270.000 1.000 737423230387.000 0.000 0.000 0.000
302.000 270.000 1.000 737423647199.000 0.000 0.000 0.000
300.000 271.000 1.000 737424064012.000 0.000 0.000 0.000
298.000 272.000 1.000 737424480824.000 0.000 0.000 0.000
295.000 273.000 1.000 737424897637.000 0.000 0.000 0.000
293.000 275.000 1.000 737425314449.000 0.000 0.000 0.000
290.000 277.000 1.000 737425731262.000 0.000 0.000 0.000
288.000 279.000 1.000 737426148074.000 0.000 0.000 0.000
286.000 281.000 1.000 737426564887.000 0.000 0.000 0.000
284.000 284.000 1.000 737426981699.000 0.000 0.000 0.000
282.000 288.000 1.000 737427398512.000 0.000 0.000 0.000
279.000 291.000 1.000 737427815324.000 0.000 0.000 0.000
277.000 295.000 1.000 737428232137.000 0.000 0.000 0.000
275.000 299.000 1.000 737428648949.000 0.000 0.000 0.000
273.000 303.000 1.000 737429065762.000 0.000 0.000 0.000
271.000 307.000 1.000 737429482574.000 0.000 0.000 0.000
269.000 312.000 1.000 737429899387.000 0.000 0.000 0.000
267.000 318.000 1.000 737430316199.000 0.000 0.000 0.000
265.000 324.000 1.000 737430733012.000 0.000 0.000 0.000
264.000 329.000 1.000 737431149824.000 0.000 0.000 0.000
262.000 336.000 1.000 737431566637.000 0.000 0.000 0.000
259.000 342.000 1.000 737431983449.000 0.000 0.000 0.000
258.000 349.000 1.000 737432400262.000 0.000 0.000 0.000
257.000 356.000 1.000 737432817074.000 0.000 0.000 0.000
255.000 364.000 1.000 737433233887.000 0.000 0.000 0.000
254.000 371.000 1.000 737433650699.000 0.000 0.000 0.000
253.000 379.000 1.000 737434067512.000 0.000 0.000 0.000
251.000 388.000 1.000 737434484324.000 0.000 0.000 0.000
250.000 397.000 1.000 737434901137.000 0.000 0.000 0.000
248.000 406.000 1.000 737435317949.000 0.000 0.000 0.000
247.000 415.000 1.000 737435734762.000 0.000 0.000 0.000
246.000 424.000 1.000 737436151574.000 0.000 0.000 0.000
246.000 434.000 1.000 737436568387.000 0.000 0.000 0.000
245.000 444.000 1.000 737436985199.000 0.000 0.000 0.000
244.000 455.000 1.000 737437402012.000 0.000 0.000 0.000
242.000 466.000 1.000 737437818824.000 0.000 0.000 0.000
241.000 477.000 1.000 737438235637.000 0.000 0.000 0.000
241.000 484.000 1.000 737438652449.000 0.000 0.000 0.000
225.000 45.000 2.000 737394839284.000 0.000 0.000 0.000
228.000 45.000 2.000 737395256097.000 0.000 0.000 0.000
230.000 48.000 2.000 737395672909.000 0.000 0.000 0.000
233.000 50.000 2.000 737396089722.000 0.000 0.000 0.000
257.000 19.000 2.000 737396506534.000 0.000 0.000 0.000
260.000 22.000 2.000 737396923347.000 0.000 0.000 0.000
263.000 26.000 2.000 737397340159.000 0.000 0.000 0.000
267.000 30.000 2.000 737397756972.000 0.000 0.000 0.000
270.000 34.000 2.000 737398173784.000 0.000 0.000 0.000
273.000 38.000 2.000 737398590597.000 0.000 0.000 0.000
277.000 43.000 2.000 737399007409.000 0.000 0.000 0.000
280.000 47.000 2.000 737399424222.000 0.000 0.000 0.000
284.000 52.000 2.000 737399841034.000 0.000 0.000 0.000
287.000 57.000 2.000 737400257847.000 0.000 0.000 0.000
290.000 63.000 2.000 737400674659.000 0.000 0.000 0.000
294.000 68.000 2.000 737401091472.000 0.000 0.000 0.000
297.000 74.000 2.000 737401508284.000 0.000 0.000 0.000
301.000 81.000 2.000 737401925097.000 0.000 0.000 0.000
305.000 87.000 2.000 737402341909.000 0.000 0.000 0.000
308.000 94.000 2.000 737402758722.000 0.000 0.000 0.000
311.000 101.000 2.000 737403175534.000 0.000 0.000 0.000
315.000 108.000 2.000 737403592347.000 0.000 0.000 0.000
319.000 116.000 2.000 737404009159.000 0.000 0.000 0.000
322.000 123.000 2.000 737404425972.000 0.000 0.000 0.000
326.000 131.000 2.000 737404842784.000 0.000 0.000 0.000
329.000 140.000 2.000 737405259597.000 0.000 0.000 0.000
333.000 148.000 2.000 737405676409.000 0.000 0.000 0.000
336.000 157.000 2.000 737406093222.000 0.000 0.000 0.000
340.000 166.000 2.000 737406510034.000 0.000 0.000 0.000
344.000 176.000 2.000 737406926847.000 0.000 0.000 0.000
347.000 185.000 2.000 737407343659.000 0.000 0.000 0.000
351.000 195.000 2.000 737407760472.000 0.000 0.000 0.000
354.000 204.000 2.000 737408177284.000 0.000 0.000 0.000
358.000 215.000 2.000 737408594097.000 0.000 0.000 0.000
361.000 226.000 2.000 737409010909.000 0.000 0.000 0.000
365.000 237.000 2.000 737409427722.000 0.000 0.000 0.000
369.000 248.000 2.000 737409844534.000 0.000 0.000 0.000
372.000 260.000 2.000 737410261347.000 0.000 0.000 0.000
377.000 270.000 2.000 737410678159.000 0.000 0.000 0.000
413.000 304.000 2.000 737414846284.000 0.000 0.000 0.000
416.000 300.000 2.000 737415263097.000 0.000 0.000 0.000
419.000 296.000 2.000 737415679909.000 0.000 0.000 0.000
423.000 292.000 2.000 737416096722.000 0.000 0.000 0.000
427.000 288.000 2.000 737416513534.000 0.000 0.000 0.000
431.000 285.000 2.000 737416930347.000 0.000 0.000 0.000
435.000 281.000 2.000 737417347159.000 0.000 0.000 0.000
438.000 278.000 2.000 737417763972.000 0.000 0.000 0.000
442.000 275.000 2.000 737418180784.000 0.000 0.000 0.000
446.000 273.000 2.000 737418597597.000 0.000 0.000 0.000
450.000 270.000 2.000 737419014409.000 0.000 0.000 0.000
454.000 268.000 2.000 737419431222.000 0.000 0.000 0.000
458.000 266.000 2.000 737419848034.000 0.000 0.000 0.000
461.000 264.000 2.000 737420264847.000 0.000 0.000 0.000
465.000 262.000 2.000 737420681659.000 0.000 0.000 0.000
469.000 261.000 2.000 737421098472.000 0.000 0.000 0.000
473.000 260.000 2.000 737421515284.000 0.000 0.000 0.000
477.000 259.000 2.000 737421932097.000 0.000 0.000 0.000
480.000 259.000 2.000 737422348909.000 0.000 0.000 0.000
484.000 259.000 2.000 737422765722.000 0.000 0.000 0.000
488.000 258.000 2.000 737423182534.000 0.000 0.000 0.000
491.000 259.000 2.000 737423599347.000 0.000 0.000 0.000
495.000 259.000 2.000 737424016159.000 0.000 0.000 0.000
499.000 260.000 2.000 737424432972.000 0.000 0.000 0.000
503.000 261.000 2.000 737424849784.000 0.000 0.000 0.000
506.000 262.000 2.000 737425266597.000 0.000 0.000 0.000
510.000 264.000 2.000 737425683409.000 0.000 0.000 0.000
513.000 266.000 2.000 737426100222.000 0.000 0.000 0.000
517.000 268.000 2.000 737426517034.000 0.000 0.000 0.000
521.000 270.000 2.000 737426933847.000 0.000 0.000 0.000
524.000 273.000 2.000 737427350659.000 0.000 0.000 0.000
528.000 276.000 2.000 737427767472.000 0.000 0.000 0.000
531.000 279.000 2.000 737428184284.000 0.000 0.000 0.000
534.000 283.000 2.000 737428601097.000 0.000 0.000 0.000
538.000 287.000 2.000 737429017909.000 0.000 0.000 0.000
541.000 291.000 2.000 737429434722.000 0.000 0.000 0.000
545.000 295.000 2.000 737429851534.000 0.000 0.000 0.000
548.000 300.000 2.000 737430268347.000 0.000 0.000 0.000
551.000 305.000 2.000 737430685159.000 0.000 0.000 0.000
555.000 310.000 2.000 737431101972.000 0.000 0.000 0.000
558.000 316.000 2.000 737431518784.000 0.000 0.000 0.000
561.000 322.000 2.000 737431935597.000 0.000 0.000 0.000
564.000 328.000 2.000 737432352409.000 0.000 0.000 0.000
567.000 335.000 2.000 737432769222.000 0.000 0.000 0.000
569.000 342.000 2.000 737433186034.000 0.000 0.000 0.000
572.000 349.000 2.000 737433602847.000 0.000 0.000 0.000
575.000 356.000 2.000 737434019659.000 0.000 0.000 0.000
578.000 364.000 2.000 737434436472.000 0.000 0.000 0.000
581.000 372.000 2.000 737434853284.000 0.000 0.000 0.000
584.000 381.000 2.000 737435270097.000 0.000 0.000 0.000
586.000 389.000 2.000 737435686909.000 0.000 0.000 0.000
588.000 398.000 2.000 737436103722.000 0.000 0.000 0.000
591.000 407.000 2.000 737436520534.000 0.000 0.000 0.000
593.000 417.000 2.000 737436937347.000 0.000 0.000 0.000
596.000 426.000 2.000 737437354159.000 0.000 0.000 0.000
598.000 436.000 2.000 737437770972.000 0.000 0.000 0.000
600.000 446.000 2.000 737438187784.000 0.000 0.000 0.000
602.000 456.000 2.000 737438604597.000 0.000 0.000 0.000
604.000 467.000 2.000 737439021409.000 0.000 0.000 0.000
605.000 478.000 2.000 737439438222.000 0.000 0.000 0.000
607.000 485.000 2.000 737439855034.000 0.000 0.000 0.000
327.000 245.000 1.000 737526179502.000 0.000 0.000 0.000
327.000 245.000 2.000 737526685888.000 0.000 0.000 0.000
