486.000 116.000 1.000 814850468461.000 0.000 0.000 0.000
472.000 134.000 1.000 814851302086.000 0.000 0.000 0.000
461.000 149.000 1.000 814852135711.000 0.000 0.000 0.000
460.000 150.000 1.000 814852552523.000 0.000 0.000 0.000
459.000 149.000 1.000 814853386148.000 0.000 0.000 0.000
459.000 148.000 1.000 814854219773.000 0.000 0.000 0.000
461.000 146.000 1.000 814854636585.000 0.000 0.000 0.000
460.000 147.000 1.000 814855470211.000 0.000 0.000 0.000
457.000 149.000 1.000 814856303836.000 0.000 0.000 0.000
458.000 145.000 1.000 814857554273.000 0.000 0.000 0.000
460.000 143.000 1.000 814857971086.000 0.000 0.000 0.000
457.000 145.000 1.000 814858804711.000 0.000 0.000 0.000
457.000 145.000 1.000 814859221523.000 0.000 0.000 0.000
456.000 145.000 1.000 814859638336.000 0.000 0.000 0.000
458.000 141.000 1.000 814860471961.000 0.000 0.000 0.000
457.000 141.000 1.000 814861305586.000 0.000 0.000 0.000
456.000 142.000 1.000 814862139211.000 0.000 0.000 0.000
455.000 141.000 1.000 814862972836.000 0.000 0.000 0.000
456.000 139.000 1.000 814863806461.000 0.000 0.000 0.000
454.000 136.000 1.000 814868391398.000 0.000 0.000 0.000
453.000 137.000 1.000 814869225023.000 0.000 0.000 0.000
453.000 136.000 1.000 814869641836.000 0.000 0.000 0.000
454.000 134.000 1.000 814870475461.000 0.000 0.000 0.000
454.000 131.000 1.000 814871309086.000 0.000 0.000 0.000
452.000 134.000 1.000 814871725898.000 0.000 0.000 0.000
453.000 131.000 1.000 814872142711.000 0.000 0.000 0.000
451.000 135.000 1.000 814872559523.000 0.000 0.000 0.000
452.000 133.000 1.000 814872976336.000 0.000 0.000 0.000
453.000 130.000 1.000 814873393148.000 0.000 0.000 0.000
452.000 132.000 1.000 814873809961.000 0.000 0.000 0.000
452.000 130.000 1.000 814874226773.000 0.000 0.000 0.000
452.000 129.000 1.000 814874643585.000 0.000 0.000 0.000
452.000 129.000 1.000 814875060398.000 0.000 0.000 0.000
452.000 128.000 1.000 814875477211.000 0.000 0.000 0.000
452.000 128.000 1.000 814875894023.000 0.000 0.000 0.000
452.000 127.000 1.000 814876310836.000 0.000 0.000 0.000
452.000 125.000 1.000 814876727648.000 0.000 0.000 0.000
450.000 130.000 1.000 814877144461.000 0.000 0.000 0.000
450.000 128.000 1.000 814877561273.000 0.000 0.000 0.000
451.000 125.000 1.000 814877978086.000 0.000 0.000 0.000
452.000 124.000 1.000 814878394898.000 0.000 0.000 0.000
451.000 123.000 1.000 814878811711.000 0.000 0.000 0.000
453.000 118.000 1.000 814879228523.000 0.000 0.000 0.000
458.000 102.000 1.000 814879645336.000 0.000 0.000 0.000
470.000 65.000 1.000 814880062148.000 0.000 0.000 0.000
470.000 63.000 1.000 814880478961.000 0.000 0.000 0.000
469.000 63.000 1.000 814880895773.000 0.000 0.000 0.000
470.000 62.000 1.000 814881312586.000 0.000 0.000 0.000
469.000 61.000 1.000 814881729398.000 0.000 0.000 0.000
469.000 60.000 1.000 814882146211.000 0.000 0.000 0.000
469.000 59.000 1.000 814882563023.000 0.000 0.000 0.000
468.000 58.000 1.000 814882979835.000 0.000 0.000 0.000
469.000 57.000 1.000 814883396648.000 0.000 0.000 0.000
468.000 56.000 1.000 814883813461.000 0.000 0.000 0.000
468.000 55.000 1.000 814884230273.000 0.000 0.000 0.000
468.000 54.000 1.000 814884647086.000 0.000 0.000 0.000
468.000 54.000 1.000 814885063898.000 0.000 0.000 0.000
468.000 53.000 1.000 814885480711.000 0.000 0.000 0.000
468.000 52.000 1.000 814885897523.000 0.000 0.000 0.000
468.000 51.000 1.000 814886314336.000 0.000 0.000 0.000
468.000 50.000 1.000 814886731148.000 0.000 0.000 0.000
468.000 49.000 1.000 814887147961.000 0.000 0.000 0.000
468.000 49.000 1.000 814887564773.000 0.000 0.000 0.000
468.000 48.000 1.000 814887981586.000 0.000 0.000 0.000
468.000 47.000 1.000 814888398398.000 0.000 0.000 0.000
468.000 46.000 1.000 814888815211.000 0.000 0.000 0.000
468.000 45.000 1.000 814889232023.000 0.000 0.000 0.000
468.000 45.000 1.000 814889648836.000 0.000 0.000 0.000
469.000 44.000 1.000 814890065648.000 0.000 0.000 0.000
469.000 43.000 1.000 814890482461.000 0.000 0.000 0.000
469.000 42.000 1.000 814890899273.000 0.000 0.000 0.000
469.000 42.000 1.000 814891316086.000 0.000 0.000 0.000
469.000 41.000 1.000 814891732898.000 0.000 0.000 0.000
470.000 40.000 1.000 814892149711.000 0.000 0.000 0.000
470.000 40.000 1.000 814892566523.000 0.000 0.000 0.000
470.000 39.000 1.000 814892983336.000 0.000 0.000 0.000
471.000 38.000 1.000 814893400148.000 0.000 0.000 0.000
471.000 38.000 1.000 814893816960.000 0.000 0.000 0.000
472.000 37.000 1.000 814894233773.000 0.000 0.000 0.000
472.000 37.000 1.000 814894650585.000 0.000 0.000 0.000
472.000 36.000 1.000 814895067398.000 0.000 0.000 0.000
473.000 35.000 1.000 814895484210.000 0.000 0.000 0.000
473.000 35.000 1.000 814895901023.000 0.000 0.000 0.000
473.000 35.000 1.000 814896317836.000 0.000 0.000 0.000
474.000 34.000 1.000 814896734648.000 0.000 0.000 0.000
474.000 34.000 1.000 814897151461.000 0.000 0.000 0.000
475.000 33.000 1.000 814897568273.000 0.000 0.000 0.000
475.000 33.000 1.000 814897985086.000 0.000 0.000 0.000
475.000 32.000 1.000 814898401898.000 0.000 0.000 0.000
476.000 32.000 1.000 814898818711.000 0.000 0.000 0.000
476.000 32.000 1.000 814899235523.000 0.000 0.000 0.000
476.000 32.000 1.000 814899652336.000 0.000 0.000 0.000
477.000 31.000 1.000 814900069148.000 0.000 0.000 0.000
477.000 31.000 1.000 814900485960.000 0.000 0.000 0.000
478.000 31.000 1.000 814900902773.000 0.000 0.000 0.000
478.000 31.000 1.000 814901319586.000 0.000 0.000 0.000
480.000 30.000 1.000 814902153210.000 0.000 0.000 0.000
479.000 30.000 1.000 814902570023.000 0.000 0.000 0.000
480.000 29.000 1.000 814902986836.000 0.000 0.000 0.000
480.000 30.000 1.000 814903403648.000 0.000 0.000 0.000
480.000 29.000 1.000 814903820461.000 0.000 0.000 0.000
481.000 29.000 1.000 814904237273.000 0.000 0.000 0.000
481.000 29.000 1.000 814904654085.000 0.000 0.000 0.000
481.000 29.000 1.000 814905070898.000 0.000 0.000 0.000
483.000 27.000 1.000 814905904523.000 0.000 0.000 0.000
484.000 28.000 1.000 814906738148.000 0.000 0.000 0.000
483.000 27.000 1.000 814907154960.000 0.000 0.000 0.000
484.000 28.000 1.000 814907571773.000 0.000 0.000 0.000
486.000 27.000 1.000 814908405398.000 0.000 0.000 0.000
485.000 27.000 1.000 814908822210.000 0.000 0.000 0.000
485.000 27.000 1.000 814909239023.000 0.000 0.000 0.000
488.000 27.000 1.000 814910906273.000 0.000 0.000 0.000
489.000 27.000 1.000 814911739898.000 0.000 0.000 0.000
490.000 27.000 1.000 814912990335.000 0.000 0.000 0.000
490.000 27.000 1.000 814913823960.000 0.000 0.000 0.000
491.000 28.000 1.000 814915074398.000 0.000 0.000 0.000
492.000 26.000 1.000 814917575273.000 0.000 0.000 0.000
491.000 26.000 1.000 814917992086.000 0.000 0.000 0.000
492.000 27.000 1.000 814918408898.000 0.000 0.000 0.000
492.000 26.000 1.000 814918825711.000 0.000 0.000 0.000
492.000 26.000 1.000 814919242523.000 0.000 0.000 0.000
493.000 26.000 1.000 814919659335.000 0.000 0.000 0.000
493.000 27.000 1.000 814920076148.000 0.000 0.000 0.000
493.000 27.000 1.000 814920492960.000 0.000 0.000 0.000
494.000 26.000 1.000 814920909773.000 0.000 0.000 0.000
496.000 23.000 1.000 814951337085.000 0.000 0.000 0.000
496.000 23.000 1.000 814951753898.000 0.000 0.000 0.000
496.000 22.000 1.000 814952587523.000 0.000 0.000 0.000
495.000 20.000 1.000 814953421148.000 0.000 0.000 0.000
495.000 17.000 1.000 814954254773.000 0.000 0.000 0.000
493.000 14.000 1.000 814955088398.000 0.000 0.000 0.000
492.000 12.000 1.000 814955505211.000 0.000 0.000 0.000
490.000 8.000 1.000 814956338836.000 0.000 0.000 0.000
489.000 6.000 1.000 814956755648.000 0.000 0.000 0.000
488.000 5.000 1.000 814957172461.000 0.000 0.000 0.000
486.000 4.000 1.000 814958006086.000 0.000 0.000 0.000
483.000 4.000 1.000 814958839711.000 0.000 0.000 0.000
481.000 3.000 1.000 814959256523.000 0.000 0.000 0.000
478.000 3.000 1.000 814960090148.000 0.000 0.000 0.000
475.000 3.000 1.000 814960923773.000 0.000 0.000 0.000
472.000 4.000 1.000 814962174211.000 0.000 0.000 0.000
470.000 5.000 1.000 814962591023.000 0.000 0.000 0.000
467.000 6.000 1.000 814963424648.000 0.000 0.000 0.000
463.000 11.000 1.000 814964675085.000 0.000 0.000 0.000
460.000 18.000 1.000 814965925523.000 0.000 0.000 0.000
458.000 21.000 1.000 814966342336.000 0.000 0.000 0.000
457.000 24.000 1.000 814966759148.000 0.000 0.000 0.000
455.000 31.000 1.000 814967592773.000 0.000 0.000 0.000
453.000 35.000 1.000 814968009586.000 0.000 0.000 0.000
451.000 43.000 1.000 814968843211.000 0.000 0.000 0.000
450.000 47.000 1.000 814969260023.000 0.000 0.000 0.000
449.000 52.000 1.000 814969676835.000 0.000 0.000 0.000
448.000 57.000 1.000 814970093648.000 0.000 0.000 0.000
446.000 68.000 1.000 814970927273.000 0.000 0.000 0.000
445.000 73.000 1.000 814971344085.000 0.000 0.000 0.000
444.000 79.000 1.000 814971760898.000 0.000 0.000 0.000
443.000 85.000 1.000 814972177711.000 0.000 0.000 0.000
442.000 92.000 1.000 814972594523.000 0.000 0.000 0.000
441.000 99.000 1.000 814973011336.000 0.000 0.000 0.000
440.000 106.000 1.000 814973428148.000 0.000 0.000 0.000
439.000 113.000 1.000 814973844961.000 0.000 0.000 0.000
438.000 127.000 1.000 814974261773.000 0.000 0.000 0.000
434.000 153.000 1.000 814974678585.000 0.000 0.000 0.000
433.000 159.000 1.000 814975095398.000 0.000 0.000 0.000
433.000 163.000 1.000 814975512211.000 0.000 0.000 0.000
432.000 170.000 1.000 814975929023.000 0.000 0.000 0.000
432.000 175.000 1.000 814976345835.000 0.000 0.000 0.000
432.000 180.000 1.000 814976762648.000 0.000 0.000 0.000
431.000 186.000 1.000 814977179461.000 0.000 0.000 0.000
431.000 193.000 1.000 814977596273.000 0.000 0.000 0.000
431.000 200.000 1.000 814978013085.000 0.000 0.000 0.000
429.000 206.000 1.000 814978429898.000 0.000 0.000 0.000
430.000 213.000 1.000 814978846711.000 0.000 0.000 0.000
429.000 219.000 1.000 814979263523.000 0.000 0.000 0.000
429.000 226.000 1.000 814979680336.000 0.000 0.000 0.000
428.000 234.000 1.000 814980097148.000 0.000 0.000 0.000
428.000 242.000 1.000 814980513960.000 0.000 0.000 0.000
428.000 248.000 1.000 814980930773.000 0.000 0.000 0.000
428.000 256.000 1.000 814981347585.000 0.000 0.000 0.000
427.000 264.000 1.000 814981764398.000 0.000 0.000 0.000
428.000 274.000 1.000 814982181211.000 0.000 0.000 0.000
427.000 289.000 1.000 814982598023.000 0.000 0.000 0.000
426.000 330.000 1.000 814983014836.000 0.000 0.000 0.000
424.000 324.000 1.000 814983431648.000 0.000 0.000 0.000
421.000 319.000 1.000 814983848461.000 0.000 0.000 0.000
419.000 313.000 1.000 814984265273.000 0.000 0.000 0.000
417.000 308.000 1.000 814984682085.000 0.000 0.000 0.000
414.000 304.000 1.000 814985098898.000 0.000 0.000 0.000
412.000 299.000 1.000 814985515711.000 0.000 0.000 0.000
410.000 294.000 1.000 814985932523.000 0.000 0.000 0.000
407.000 290.000 1.000 814986349336.000 0.000 0.000 0.000
405.000 286.000 1.000 814986766148.000 0.000 0.000 0.000
403.000 282.000 1.000 814987182961.000 0.000 0.000 0.000
402.000 275.000 1.000 814987599773.000 0.000 0.000 0.000
405.000 258.000 1.000 814988016586.000 0.000 0.000 0.000
405.000 250.000 1.000 814988433398.000 0.000 0.000 0.000
403.000 249.000 1.000 814988850211.000 0.000 0.000 0.000
401.000 246.000 1.000 814989267023.000 0.000 0.000 0.000
399.000 246.000 1.000 814989683835.000 0.000 0.000 0.000
398.000 244.000 1.000 814990100648.000 0.000 0.000 0.000
397.000 242.000 1.000 814990517461.000 0.000 0.000 0.000
395.000 242.000 1.000 814990934273.000 0.000 0.000 0.000
393.000 240.000 1.000 814991351086.000 0.000 0.000 0.000
392.000 239.000 1.000 814991767898.000 0.000 0.000 0.000
390.000 239.000 1.000 814992184710.000 0.000 0.000 0.000
389.000 238.000 1.000 814992601523.000 0.000 0.000 0.000
386.000 239.000 1.000 814993018336.000 0.000 0.000 0.000
386.000 237.000 1.000 814993435148.000 0.000 0.000 0.000
385.000 237.000 1.000 814993851961.000 0.000 0.000 0.000
384.000 237.000 1.000 814994268773.000 0.000 0.000 0.000
382.000 238.000 1.000 814994685586.000 0.000 0.000 0.000
380.000 240.000 1.000 814995102398.000 0.000 0.000 0.000
378.000 241.000 1.000 814995519211.000 0.000 0.000 0.000
377.000 242.000 1.000 814995936023.000 0.000 0.000 0.000
376.000 242.000 1.000 814996352836.000 0.000 0.000 0.000
374.000 245.000 1.000 814996769648.000 0.000 0.000 0.000
373.000 246.000 1.000 814997186461.000 0.000 0.000 0.000
373.000 248.000 1.000 814997603273.000 0.000 0.000 0.000
371.000 250.000 1.000 814998020086.000 0.000 0.000 0.000
369.000 253.000 1.000 814998436898.000 0.000 0.000 0.000
368.000 256.000 1.000 814998853711.000 0.000 0.000 0.000
366.000 259.000 1.000 814999270523.000 0.000 0.000 0.000
366.000 261.000 1.000 814999687336.000 0.000 0.000 0.000
365.000 265.000 1.000 815000104148.000 0.000 0.000 0.000
364.000 268.000 1.000 815000520961.000 0.000 0.000 0.000
364.000 272.000 1.000 815000937773.000 0.000 0.000 0.000
361.000 278.000 1.000 815001354586.000 0.000 0.000 0.000
350.000 296.000 1.000 815001771398.000 0.000 0.000 0.000
339.000 314.000 1.000 815002188211.000 0.000 0.000 0.000
338.000 320.000 1.000 815002605023.000 0.000 0.000 0.000
337.000 327.000 1.000 815003021836.000 0.000 0.000 0.000
336.000 334.000 1.000 815003438648.000 0.000 0.000 0.000
335.000 341.000 1.000 815003855461.000 0.000 0.000 0.000
334.000 349.000 1.000 815004272273.000 0.000 0.000 0.000
333.000 356.000 1.000 815004689086.000 0.000 0.000 0.000
332.000 365.000 1.000 815005105898.000 0.000 0.000 0.000
331.000 373.000 1.000 815005522711.000 0.000 0.000 0.000
331.000 382.000 1.000 815005939523.000 0.000 0.000 0.000
330.000 391.000 1.000 815006356336.000 0.000 0.000 0.000
329.000 400.000 1.000 815006773148.000 0.000 0.000 0.000
329.000 410.000 1.000 815007189961.000 0.000 0.000 0.000
328.000 420.000 1.000 815007606773.000 0.000 0.000 0.000
328.000 430.000 1.000 815008023586.000 0.000 0.000 0.000
328.000 441.000 1.000 815008440398.000 0.000 0.000 0.000
327.000 452.000 1.000 815008857211.000 0.000 0.000 0.000
327.000 462.000 1.000 815009274023.000 0.000 0.000 0.000
327.000 473.000 1.000 815009690835.000 0.000 0.000 0.000
327.000 482.000 1.000 815010107648.000 0.000 0.000 0.000
225.000 143.000 2.000 814817752193.000 0.000 0.000 0.000
224.000 172.000 2.000 814818169005.000 0.000 0.000 0.000
224.000 170.000 2.000 814819002630.000 0.000 0.000 0.000
224.000 169.000 2.000 814819419443.000 0.000 0.000 0.000
224.000 167.000 2.000 814820253068.000 0.000 0.000 0.000
224.000 167.000 2.000 814820669880.000 0.000 0.000 0.000
224.000 167.000 2.000 814821086693.000 0.000 0.000 0.000
223.000 165.000 2.000 814821920318.000 0.000 0.000 0.000
223.000 165.000 2.000 814822753943.000 0.000 0.000 0.000
223.000 166.000 2.000 814823170755.000 0.000 0.000 0.000
223.000 165.000 2.000 814824004380.000 0.000 0.000 0.000
222.000 164.000 2.000 814824421193.000 0.000 0.000 0.000
222.000 162.000 2.000 814825254818.000 0.000 0.000 0.000
222.000 162.000 2.000 814825671630.000 0.000 0.000 0.000
222.000 161.000 2.000 814826088443.000 0.000 0.000 0.000
222.000 162.000 2.000 814826922068.000 0.000 0.000 0.000
222.000 164.000 2.000 814827338880.000 0.000 0.000 0.000
221.000 163.000 2.000 814827755693.000 0.000 0.000 0.000
221.000 161.000 2.000 814828589318.000 0.000 0.000 0.000
221.000 161.000 2.000 814829422943.000 0.000 0.000 0.000
221.000 160.000 2.000 814829839755.000 0.000 0.000 0.000
221.000 159.000 2.000 814830256568.000 0.000 0.000 0.000
220.000 160.000 2.000 814830673380.000 0.000 0.000 0.000
220.000 158.000 2.000 814831923818.000 0.000 0.000 0.000
220.000 158.000 2.000 814832340630.000 0.000 0.000 0.000
220.000 158.000 2.000 814832757443.000 0.000 0.000 0.000
220.000 159.000 2.000 814833174255.000 0.000 0.000 0.000
220.000 159.000 2.000 814833591068.000 0.000 0.000 0.000
219.000 156.000 2.000 814834007880.000 0.000 0.000 0.000
220.000 158.000 2.000 814834424693.000 0.000 0.000 0.000
220.000 157.000 2.000 814834841505.000 0.000 0.000 0.000
220.000 157.000 2.000 814835258318.000 0.000 0.000 0.000
220.000 158.000 2.000 814835675130.000 0.000 0.000 0.000
220.000 155.000 2.000 814836091943.000 0.000 0.000 0.000
220.000 157.000 2.000 814836508755.000 0.000 0.000 0.000
220.000 156.000 2.000 814836925568.000 0.000 0.000 0.000
219.000 156.000 2.000 814837342380.000 0.000 0.000 0.000
220.000 156.000 2.000 814837759193.000 0.000 0.000 0.000
216.000 122.000 2.000 814838592818.000 0.000 0.000 0.000
219.000 154.000 2.000 814839009630.000 0.000 0.000 0.000
220.000 156.000 2.000 814839426443.000 0.000 0.000 0.000
216.000 115.000 2.000 814849429943.000 0.000 0.000 0.000
219.000 142.000 2.000 814849846755.000 0.000 0.000 0.000
220.000 154.000 2.000 814850263568.000 0.000 0.000 0.000
220.000 155.000 2.000 814850680380.000 0.000 0.000 0.000
220.000 153.000 2.000 814851097193.000 0.000 0.000 0.000
220.000 152.000 2.000 814851514005.000 0.000 0.000 0.000
220.000 152.000 2.000 814851930818.000 0.000 0.000 0.000
220.000 152.000 2.000 814852347630.000 0.000 0.000 0.000
219.000 150.000 2.000 814852764443.000 0.000 0.000 0.000
220.000 152.000 2.000 814853181255.000 0.000 0.000 0.000
220.000 151.000 2.000 814853598068.000 0.000 0.000 0.000
220.000 152.000 2.000 814854014880.000 0.000 0.000 0.000
219.000 151.000 2.000 814854431693.000 0.000 0.000 0.000
219.000 152.000 2.000 814854848505.000 0.000 0.000 0.000
220.000 151.000 2.000 814855265318.000 0.000 0.000 0.000
219.000 150.000 2.000 814855682130.000 0.000 0.000 0.000
220.000 153.000 2.000 814856098943.000 0.000 0.000 0.000
219.000 150.000 2.000 814856515755.000 0.000 0.000 0.000
220.000 151.000 2.000 814856932568.000 0.000 0.000 0.000
218.000 147.000 2.000 814857349380.000 0.000 0.000 0.000
218.000 149.000 2.000 814857766193.000 0.000 0.000 0.000
219.000 151.000 2.000 814858183005.000 0.000 0.000 0.000
218.000 147.000 2.000 814858599818.000 0.000 0.000 0.000
219.000 148.000 2.000 814859016630.000 0.000 0.000 0.000
218.000 146.000 2.000 814859433443.000 0.000 0.000 0.000
218.000 146.000 2.000 814859850255.000 0.000 0.000 0.000
218.000 147.000 2.000 814860267068.000 0.000 0.000 0.000
217.000 145.000 2.000 814860683880.000 0.000 0.000 0.000
210.000 95.000 2.000 814861517505.000 0.000 0.000 0.000
210.000 93.000 2.000 814862767943.000 0.000 0.000 0.000
209.000 93.000 2.000 814863184755.000 0.000 0.000 0.000
209.000 92.000 2.000 814863601568.000 0.000 0.000 0.000
209.000 92.000 2.000 814864018380.000 0.000 0.000 0.000
209.000 89.000 2.000 814864852005.000 0.000 0.000 0.000
208.000 89.000 2.000 814865268818.000 0.000 0.000 0.000
208.000 88.000 2.000 814865685630.000 0.000 0.000 0.000
207.000 88.000 2.000 814866102443.000 0.000 0.000 0.000
207.000 87.000 2.000 814866936068.000 0.000 0.000 0.000
207.000 86.000 2.000 814867352880.000 0.000 0.000 0.000
206.000 85.000 2.000 814867769693.000 0.000 0.000 0.000
206.000 84.000 2.000 814868186505.000 0.000 0.000 0.000
206.000 84.000 2.000 814868603318.000 0.000 0.000 0.000
205.000 83.000 2.000 814869020130.000 0.000 0.000 0.000
205.000 82.000 2.000 814869436943.000 0.000 0.000 0.000
205.000 82.000 2.000 814869853755.000 0.000 0.000 0.000
205.000 81.000 2.000 814870270568.000 0.000 0.000 0.000
205.000 80.000 2.000 814870687380.000 0.000 0.000 0.000
204.000 80.000 2.000 814871104193.000 0.000 0.000 0.000
204.000 79.000 2.000 814871521005.000 0.000 0.000 0.000
204.000 78.000 2.000 814871937818.000 0.000 0.000 0.000
204.000 78.000 2.000 814872354630.000 0.000 0.000 0.000
203.000 77.000 2.000 814872771443.000 0.000 0.000 0.000
203.000 76.000 2.000 814873188255.000 0.000 0.000 0.000
203.000 75.000 2.000 814873605068.000 0.000 0.000 0.000
203.000 75.000 2.000 814874021880.000 0.000 0.000 0.000
203.000 74.000 2.000 814874438693.000 0.000 0.000 0.000
203.000 73.000 2.000 814874855505.000 0.000 0.000 0.000
202.000 72.000 2.000 814875272318.000 0.000 0.000 0.000
202.000 71.000 2.000 814875689130.000 0.000 0.000 0.000
202.000 70.000 2.000 814876105943.000 0.000 0.000 0.000
201.000 70.000 2.000 814876522755.000 0.000 0.000 0.000
201.000 68.000 2.000 814876939568.000 0.000 0.000 0.000
201.000 68.000 2.000 814877356380.000 0.000 0.000 0.000
201.000 67.000 2.000 814877773193.000 0.000 0.000 0.000
201.000 66.000 2.000 814878190005.000 0.000 0.000 0.000
201.000 65.000 2.000 814878606818.000 0.000 0.000 0.000
201.000 64.000 2.000 814879023630.000 0.000 0.000 0.000
200.000 63.000 2.000 814879440443.000 0.000 0.000 0.000
200.000 62.000 2.000 814879857255.000 0.000 0.000 0.000
200.000 61.000 2.000 814880274068.000 0.000 0.000 0.000
200.000 60.000 2.000 814880690880.000 0.000 0.000 0.000
200.000 60.000 2.000 814881107693.000 0.000 0.000 0.000
199.000 59.000 2.000 814881524505.000 0.000 0.000 0.000
199.000 58.000 2.000 814881941318.000 0.000 0.000 0.000
199.000 57.000 2.000 814882358130.000 0.000 0.000 0.000
199.000 56.000 2.000 814882774943.000 0.000 0.000 0.000
199.000 55.000 2.000 814883191755.000 0.000 0.000 0.000
199.000 54.000 2.000 814883608568.000 0.000 0.000 0.000
199.000 53.000 2.000 814884025380.000 0.000 0.000 0.000
198.000 52.000 2.000 814884442193.000 0.000 0.000 0.000
199.000 52.000 2.000 814884859005.000 0.000 0.000 0.000
199.000 51.000 2.000 814885275818.000 0.000 0.000 0.000
198.000 50.000 2.000 814885692630.000 0.000 0.000 0.000
198.000 49.000 2.000 814886109443.000 0.000 0.000 0.000
199.000 48.000 2.000 814886526255.000 0.000 0.000 0.000
198.000 47.000 2.000 814886943068.000 0.000 0.000 0.000
198.000 47.000 2.000 814887359880.000 0.000 0.000 0.000
198.000 46.000 2.000 814887776693.000 0.000 0.000 0.000
198.000 45.000 2.000 814888193505.000 0.000 0.000 0.000
199.000 44.000 2.000 814888610318.000 0.000 0.000 0.000
198.000 43.000 2.000 814889027130.000 0.000 0.000 0.000
198.000 43.000 2.000 814889443943.000 0.000 0.000 0.000
199.000 42.000 2.000 814889860755.000 0.000 0.000 0.000
198.000 41.000 2.000 814890277568.000 0.000 0.000 0.000
199.000 40.000 2.000 814890694380.000 0.000 0.000 0.000
198.000 40.000 2.000 814891111193.000 0.000 0.000 0.000
199.000 39.000 2.000 814891528005.000 0.000 0.000 0.000
199.000 38.000 2.000 814891944818.000 0.000 0.000 0.000
199.000 38.000 2.000 814892361630.000 0.000 0.000 0.000
199.000 37.000 2.000 814892778443.000 0.000 0.000 0.000
199.000 36.000 2.000 814893195255.000 0.000 0.000 0.000
200.000 36.000 2.000 814893612068.000 0.000 0.000 0.000
200.000 35.000 2.000 814894028880.000 0.000 0.000 0.000
200.000 35.000 2.000 814894445693.000 0.000 0.000 0.000
200.000 34.000 2.000 814894862505.000 0.000 0.000 0.000
200.000 34.000 2.000 814895279318.000 0.000 0.000 0.000
201.000 33.000 2.000 814895696130.000 0.000 0.000 0.000
200.000 33.000 2.000 814896112943.000 0.000 0.000 0.000
201.000 32.000 2.000 814896529755.000 0.000 0.000 0.000
201.000 32.000 2.000 814896946568.000 0.000 0.000 0.000
201.000 31.000 2.000 814897363380.000 0.000 0.000 0.000
201.000 31.000 2.000 814897780193.000 0.000 0.000 0.000
201.000 31.000 2.000 814898197005.000 0.000 0.000 0.000
201.000 30.000 2.000 814898613818.000 0.000 0.000 0.000
201.000 30.000 2.000 814899030630.000 0.000 0.000 0.000
201.000 30.000 2.000 814899447443.000 0.000 0.000 0.000
202.000 30.000 2.000 814899864255.000 0.000 0.000 0.000
202.000 29.000 2.000 814900281068.000 0.000 0.000 0.000
202.000 29.000 2.000 814900697880.000 0.000 0.000 0.000
205.000 27.000 2.000 814949464943.000 0.000 0.000 0.000
210.000 25.000 2.000 814949881755.000 0.000 0.000 0.000
210.000 25.000 2.000 814950298568.000 0.000 0.000 0.000
211.000 24.000 2.000 814951132193.000 0.000 0.000 0.000
212.000 23.000 2.000 814951965818.000 0.000 0.000 0.000
213.000 22.000 2.000 814952382630.000 0.000 0.000 0.000
213.000 21.000 2.000 814952799443.000 0.000 0.000 0.000
214.000 20.000 2.000 814953216255.000 0.000 0.000 0.000
218.000 15.000 2.000 814954883505.000 0.000 0.000 0.000
220.000 11.000 2.000 814955717130.000 0.000 0.000 0.000
224.000 7.000 2.000 814956550755.000 0.000 0.000 0.000
227.000 6.000 2.000 814956967568.000 0.000 0.000 0.000
233.000 5.000 2.000 814957801193.000 0.000 0.000 0.000
236.000 5.000 2.000 814958218005.000 0.000 0.000 0.000
242.000 4.000 2.000 814959051630.000 0.000 0.000 0.000
249.000 4.000 2.000 814959885255.000 0.000 0.000 0.000
255.000 4.000 2.000 814960718880.000 0.000 0.000 0.000
258.000 4.000 2.000 814961135693.000 0.000 0.000 0.000
264.000 5.000 2.000 814961969318.000 0.000 0.000 0.000
267.000 5.000 2.000 814962386130.000 0.000 0.000 0.000
274.000 6.000 2.000 814963219755.000 0.000 0.000 0.000
277.000 7.000 2.000 814963636568.000 0.000 0.000 0.000
283.000 10.000 2.000 814964470193.000 0.000 0.000 0.000
290.000 14.000 2.000 814965303818.000 0.000 0.000 0.000
293.000 16.000 2.000 814965720630.000 0.000 0.000 0.000
300.000 22.000 2.000 814966554255.000 0.000 0.000 0.000
303.000 25.000 2.000 814966971068.000 0.000 0.000 0.000
306.000 28.000 2.000 814967387880.000 0.000 0.000 0.000
310.000 32.000 2.000 814967804693.000 0.000 0.000 0.000
313.000 35.000 2.000 814968221505.000 0.000 0.000 0.000
317.000 40.000 2.000 814968638318.000 0.000 0.000 0.000
320.000 44.000 2.000 814969055130.000 0.000 0.000 0.000
323.000 49.000 2.000 814969471943.000 0.000 0.000 0.000
327.000 53.000 2.000 814969888755.000 0.000 0.000 0.000
330.000 58.000 2.000 814970305568.000 0.000 0.000 0.000
334.000 63.000 2.000 814970722380.000 0.000 0.000 0.000
337.000 69.000 2.000 814971139193.000 0.000 0.000 0.000
341.000 75.000 2.000 814971556005.000 0.000 0.000 0.000
344.000 81.000 2.000 814971972818.000 0.000 0.000 0.000
348.000 86.000 2.000 814972389630.000 0.000 0.000 0.000
351.000 93.000 2.000 814972806443.000 0.000 0.000 0.000
355.000 99.000 2.000 814973223255.000 0.000 0.000 0.000
358.000 106.000 2.000 814973640068.000 0.000 0.000 0.000
362.000 113.000 2.000 814974056880.000 0.000 0.000 0.000
365.000 121.000 2.000 814974473693.000 0.000 0.000 0.000
369.000 128.000 2.000 814974890505.000 0.000 0.000 0.000
372.000 136.000 2.000 814975307318.000 0.000 0.000 0.000
382.000 140.000 2.000 814975724130.000 0.000 0.000 0.000
398.000 138.000 2.000 814976140943.000 0.000 0.000 0.000
401.000 144.000 2.000 814976557755.000 0.000 0.000 0.000
404.000 150.000 2.000 814976974568.000 0.000 0.000 0.000
407.000 156.000 2.000 814977391380.000 0.000 0.000 0.000
410.000 163.000 2.000 814977808193.000 0.000 0.000 0.000
411.000 171.000 2.000 814978225005.000 0.000 0.000 0.000
412.000 182.000 2.000 814978641818.000 0.000 0.000 0.000
403.000 219.000 2.000 814979058630.000 0.000 0.000 0.000
406.000 230.000 2.000 814979475443.000 0.000 0.000 0.000
410.000 240.000 2.000 814979892255.000 0.000 0.000 0.000
413.000 251.000 2.000 814980309068.000 0.000 0.000 0.000
416.000 261.000 2.000 814980725880.000 0.000 0.000 0.000
419.000 273.000 2.000 814981142693.000 0.000 0.000 0.000
423.000 285.000 2.000 814981559505.000 0.000 0.000 0.000
426.000 296.000 2.000 814981976318.000 0.000 0.000 0.000
430.000 309.000 2.000 814982393130.000 0.000 0.000 0.000
432.000 318.000 2.000 814982809943.000 0.000 0.000 0.000
436.000 314.000 2.000 814983226755.000 0.000 0.000 0.000
440.000 309.000 2.000 814983643568.000 0.000 0.000 0.000
444.000 304.000 2.000 814984060380.000 0.000 0.000 0.000
448.000 299.000 2.000 814984477193.000 0.000 0.000 0.000
451.000 293.000 2.000 814984894005.000 0.000 0.000 0.000
455.000 289.000 2.000 814985310818.000 0.000 0.000 0.000
458.000 284.000 2.000 814985727630.000 0.000 0.000 0.000
462.000 280.000 2.000 814986144443.000 0.000 0.000 0.000
466.000 276.000 2.000 814986561255.000 0.000 0.000 0.000
470.000 272.000 2.000 814986978068.000 0.000 0.000 0.000
474.000 269.000 2.000 814987394880.000 0.000 0.000 0.000
477.000 265.000 2.000 814987811693.000 0.000 0.000 0.000
481.000 262.000 2.000 814988228505.000 0.000 0.000 0.000
484.000 259.000 2.000 814988645318.000 0.000 0.000 0.000
488.000 256.000 2.000 814989062130.000 0.000 0.000 0.000
492.000 253.000 2.000 814989478943.000 0.000 0.000 0.000
495.000 251.000 2.000 814989895755.000 0.000 0.000 0.000
499.000 249.000 2.000 814990312568.000 0.000 0.000 0.000
503.000 247.000 2.000 814990729380.000 0.000 0.000 0.000
507.000 245.000 2.000 814991146193.000 0.000 0.000 0.000
511.000 243.000 2.000 814991563005.000 0.000 0.000 0.000
514.000 242.000 2.000 814991979818.000 0.000 0.000 0.000
518.000 241.000 2.000 814992396630.000 0.000 0.000 0.000
521.000 241.000 2.000 814992813443.000 0.000 0.000 0.000
525.000 240.000 2.000 814993230255.000 0.000 0.000 0.000
529.000 240.000 2.000 814993647068.000 0.000 0.000 0.000
533.000 240.000 2.000 814994063880.000 0.000 0.000 0.000
537.000 239.000 2.000 814994480693.000 0.000 0.000 0.000
540.000 240.000 2.000 814994897505.000 0.000 0.000 0.000
543.000 241.000 2.000 814995314318.000 0.000 0.000 0.000
546.000 242.000 2.000 814995731130.000 0.000 0.000 0.000
550.000 243.000 2.000 814996147943.000 0.000 0.000 0.000
553.000 245.000 2.000 814996564755.000 0.000 0.000 0.000
557.000 247.000 2.000 814996981568.000 0.000 0.000 0.000
561.000 249.000 2.000 814997398380.000 0.000 0.000 0.000
565.000 250.000 2.000 814997815193.000 0.000 0.000 0.000
567.000 253.000 2.000 814998232005.000 0.000 0.000 0.000
570.000 257.000 2.000 814998648818.000 0.000 0.000 0.000
574.000 260.000 2.000 814999065630.000 0.000 0.000 0.000
577.000 263.000 2.000 814999482443.000 0.000 0.000 0.000
580.000 267.000 2.000 814999899255.000 0.000 0.000 0.000
584.000 271.000 2.000 815000316068.000 0.000 0.000 0.000
587.000 275.000 2.000 815000732880.000 0.000 0.000 0.000
590.000 279.000 2.000 815001149693.000 0.000 0.000 0.000
593.000 285.000 2.000 815001566505.000 0.000 0.000 0.000
595.000 290.000 2.000 815001983318.000 0.000 0.000 0.000
598.000 295.000 2.000 815002400130.000 0.000 0.000 0.000
601.000 301.000 2.000 815002816943.000 0.000 0.000 0.000
604.000 307.000 2.000 815003233755.000 0.000 0.000 0.000
607.000 313.000 2.000 815003650568.000 0.000 0.000 0.000
610.000 319.000 2.000 815004067380.000 0.000 0.000 0.000
612.000 326.000 2.000 815004484193.000 0.000 0.000 0.000
614.000 333.000 2.000 815004901005.000 0.000 0.000 0.000
617.000 341.000 2.000 815005317818.000 0.000 0.000 0.000
619.000 348.000 2.000 815005734630.000 0.000 0.000 0.000
621.000 356.000 2.000 815006151443.000 0.000 0.000 0.000
624.000 364.000 2.000 815006568255.000 0.000 0.000 0.000
627.000 373.000 2.000 815006985068.000 0.000 0.000 0.000
629.000 381.000 2.000 815007401880.000 0.000 0.000 0.000
630.000 390.000 2.000 815007818693.000 0.000 0.000 0.000
631.000 399.000 2.000 815008235505.000 0.000 0.000 0.000
633.000 408.000 2.000 815008652318.000 0.000 0.000 0.000
635.000 418.000 2.000 815009069130.000 0.000 0.000 0.000
636.000 428.000 2.000 815009485943.000 0.000 0.000 0.000
639.000 438.000 2.000 815009902755.000 0.000 0.000 0.000
641.000 448.000 2.000 815010319568.000 0.000 0.000 0.000
642.000 458.000 2.000 815010736380.000 0.000 0.000 0.000
642.000 469.000 2.000 815011153193.000 0.000 0.000 0.000
644.000 480.000 2.000 815011570005.000 0.000 0.000 0.000
644.000 486.000 2.000 815011986818.000 0.000 0.000 0.000
