1.823 0.374 0.487 9254.131 2.536 -0.353 0.427
1.845 0.372 0.490 9262.468 2.484 -0.230 0.372
1.864 0.371 0.493 9270.804 2.309 -0.155 0.254
1.883 0.371 0.495 9279.140 2.268 -0.156 0.119
1.902 0.369 0.496 9287.477 2.172 -0.192 0.008
1.919 0.367 0.495 9295.813 2.107 -0.216 -0.092
1.936 0.365 0.493 9304.148 2.122 -0.202 -0.171
1.954 0.364 0.492 9312.485 2.173 -0.167 -0.212
1.972 0.362 0.490 9320.821 2.227 -0.177 -0.263
1.992 0.361 0.488 9329.157 2.221 -0.187 -0.370
2.010 0.359 0.484 9337.494 2.141 -0.205 -0.489
2.028 0.357 0.480 9345.830 2.074 -0.221 -0.596
2.044 0.355 0.474 9354.166 2.030 -0.192 -0.692
2.061 0.354 0.468 9362.503 2.068 -0.158 -0.731
2.078 0.353 0.461 9370.839 2.110 -0.147 -0.792
2.097 0.352 0.455 9379.175 2.095 -0.165 -0.878
2.114 0.351 0.447 9387.512 2.058 -0.187 -0.973
2.131 0.349 0.439 9395.848 1.998 -0.211 -1.067
2.147 0.347 0.429 9404.184 1.958 -0.210 -1.166
2.163 0.345 0.418 9412.520 1.959 -0.182 -1.084
