1.210 0.316 0.417 22857.777 1.935 0.152 1.440
1.228 0.316 0.431 22866.115 1.860 0.207 1.331
1.244 0.318 0.442 22874.451 1.518 0.370 1.006
1.255 0.323 0.447 22882.787 1.597 0.370 0.924
1.265 0.327 0.452 22891.123 1.432 0.363 0.985
1.276 0.330 0.462 22899.459 1.671 0.242 0.998
1.295 0.330 0.474 22907.795 1.508 0.299 0.731
1.307 0.333 0.478 22916.133 1.814 0.169 0.806
1.319 0.335 0.481 22924.469 1.772 0.189 0.601
1.336 0.336 0.485 22932.805 1.861 0.195 0.483
1.353 0.337 0.493 22941.141 1.647 0.240 0.485
1.370 0.338 0.498 22949.477 1.832 0.169 0.523
1.378 0.342 0.497 22957.813 1.429 0.309 0.237
1.390 0.344 0.500 22966.148 1.546 0.247 0.288
1.405 0.345 0.504 22974.486 1.646 0.245 0.253
1.420 0.347 0.506 22982.822 1.660 0.273 0.130
1.432 0.351 0.505 22991.158 1.566 0.324 0.016
1.445 0.354 0.505 22999.494 1.650 0.284 -0.062
1.459 0.356 0.504 23007.830 1.654 0.255 -0.117
1.474 0.357 0.504 23016.166 1.611 0.232 -0.199
1.487 0.359 0.501 23024.504 1.601 0.223 -0.177
1.500 0.361 0.498 23032.840 1.532 0.211 -0.245
1.512 0.363 0.498 23041.176 1.487 0.215 -0.358
1.525 0.364 0.494 23049.512 1.505 0.189 -0.339
1.538 0.365 0.492 23057.848 1.548 0.197 -0.505
1.550 0.368 0.486 23066.184 1.548 0.265 -0.833
1.562 0.370 0.480 23074.521 1.698 0.296 -1.182
1.577 0.372 0.470 23082.857 1.850 0.303 -1.581
1.594 0.376 0.451 23091.193 1.889 0.300 -1.888
1.611 0.378 0.433 23099.529 1.890 0.253 -1.759
1.627 0.380 0.418 23107.865 1.839 0.187 -1.590
1.641 0.381 0.408 23116.201 1.768 0.139 -1.341
1.655 0.382 0.399 23124.539 1.735 0.092 -1.219
1.670 0.382 0.388 23132.875 1.745 0.121 -1.334
1.684 0.383 0.377 23141.211 1.747 0.142 -1.397
1.699 0.385 0.365 23149.547 1.647 0.168 -1.502
1.713 0.386 0.352 23157.883 1.557 0.156 -1.589
1.725 0.388 0.338 23166.219 1.579 0.151 -1.656
1.737 0.389 0.324 23174.555 1.609 0.107 -1.698
1.751 0.389 0.310 23182.893 1.632 0.098 -1.789
1.766 0.390 0.295 23191.229 1.691 0.106 -1.832
1.780 0.391 0.279 23199.564 1.656 0.110 -1.923
1.793 0.392 0.263 23207.900 1.559 0.128 -2.016
1.806 0.393 0.246 23216.236 1.493 0.136 -2.124
1.818 0.394 0.228 23224.572 1.542 0.133 -2.162
1.831 0.396 0.208 23232.910 1.547 0.135 -2.114
