1.698 0.407 0.513 10260.421 2.743 0.074 -0.116
1.722 0.407 0.510 10268.757 2.797 0.035 -0.168
1.746 0.407 0.508 10277.093 2.803 -0.000 -0.175
1.770 0.407 0.507 10285.430 2.771 -0.018 -0.149
1.793 0.406 0.506 10293.766 2.717 -0.015 -0.151
1.816 0.406 0.506 10302.102 2.676 -0.016 -0.141
1.836 0.406 0.506 10310.438 2.604 -0.009 -0.151
1.858 0.406 0.504 10318.774 2.586 -0.007 -0.229
1.879 0.406 0.502 10327.110 2.573 -0.002 -0.318
1.901 0.406 0.499 10335.447 2.557 0.007 -0.392
1.922 0.406 0.495 10343.783 2.526 0.018 -0.493
1.943 0.406 0.491 10352.119 2.513 0.010 -0.577
1.964 0.406 0.486 10360.456 2.504 0.007 -0.657
1.985 0.406 0.480 10368.792 2.489 -0.004 -0.744
2.005 0.406 0.473 10377.128 2.465 -0.002 -0.832
2.026 0.406 0.466 10385.465 2.447 -0.011 -0.912
2.046 0.406 0.458 10393.801 2.426 -0.009 -0.990
2.066 0.406 0.449 10402.137 2.407 -0.011 -1.072
2.086 0.406 0.440 10410.473 2.396 -0.009 -1.136
