1.714 0.417 0.437 47002.223 2.750 0.062 0.993
1.738 0.417 0.445 47010.559 2.713 0.026 0.893
1.759 0.417 0.452 47018.895 2.712 0.060 0.780
1.782 0.418 0.458 47027.230 2.715 0.084 0.715
1.805 0.419 0.463 47035.566 2.709 0.068 0.607
1.828 0.419 0.468 47043.906 2.678 0.056 0.507
1.850 0.420 0.472 47052.242 2.657 0.066 0.428
1.872 0.420 0.475 47060.578 2.580 0.053 0.298
1.893 0.421 0.477 47068.914 2.562 0.093 0.210
1.914 0.422 0.478 47077.250 2.596 0.090 0.152
1.936 0.422 0.479 47085.586 2.600 0.082 0.072
1.958 0.423 0.480 47093.922 2.603 0.053 -0.003
1.980 0.424 0.480 47102.258 2.608 0.052 -0.078
2.001 0.424 0.478 47110.594 2.571 0.052 -0.168
2.022 0.424 0.477 47118.930 2.501 0.062 -0.274
2.043 0.425 0.474 47127.266 2.501 0.058 -0.362
2.064 0.425 0.471 47135.602 2.504 0.078 -0.454
2.085 0.426 0.466 47143.938 2.475 0.062 -0.537
2.105 0.426 0.461 47152.277 2.485 0.047 -0.615
2.126 0.427 0.456 47160.613 2.446 0.060 -0.702
2.146 0.427 0.450 47168.949 2.404 0.061 -0.757
2.166 0.428 0.443 47177.285 2.349 -0.004 -0.814
2.186 0.428 0.436 47185.621 2.236 -0.082 -0.840
