290.640 364.799 -297.489 0.000 0.000 0.000 0.000
354.953 558.357 -377.002 0.000 0.000 0.000 0.000
348.867 559.046 -383.599 0.000 0.000 0.000 0.000
354.517 590.889 -399.493 0.000 0.000 0.000 0.000
349.028 592.557 -403.451 0.000 0.000 0.000 0.000
355.485 625.339 -415.216 0.000 0.000 0.000 0.000
345.096 629.580 -421.901 0.000 0.000 0.000 0.000
356.229 658.777 -433.313 0.000 0.000 0.000 0.000
348.542 661.667 -434.330 0.000 0.000 0.000 0.000
368.476 720.480 -453.966 0.000 0.000 0.000 0.000
361.222 723.917 -455.144 0.000 0.000 0.000 0.000
367.655 754.651 -464.736 0.000 0.000 0.000 0.000
374.218 785.154 -471.556 0.000 0.000 0.000 0.000
354.021 762.818 -464.789 0.000 0.000 0.000 0.000
373.843 818.813 -479.531 0.000 0.000 0.000 0.000
380.900 849.355 -483.854 0.000 0.000 0.000 0.000
387.475 878.617 -489.181 0.000 0.000 0.000 0.000
381.405 883.364 -486.867 0.000 0.000 0.000 0.000
375.800 888.949 -482.214 0.000 0.000 0.000 0.000
382.820 918.337 -485.191 0.000 0.000 0.000 0.000
387.569 948.403 -488.118 0.000 0.000 0.000 0.000
381.746 953.220 -484.630 0.000 0.000 0.000 0.000
389.345 982.806 -484.203 0.000 0.000 0.000 0.000
396.468 1011.190 -484.833 0.000 0.000 0.000 0.000
401.822 1041.031 -483.239 0.000 0.000 0.000 0.000
397.049 1047.275 -475.419 0.000 0.000 0.000 0.000
392.902 1054.669 -465.525 0.000 0.000 0.000 0.000
409.995 1104.651 -470.303 0.000 0.000 0.000 0.000
405.491 1111.087 -462.778 0.000 0.000 0.000 0.000
411.023 1139.830 -459.298 0.000 0.000 0.000 0.000
407.231 1147.371 -447.412 0.000 0.000 0.000 0.000
403.732 1155.433 -434.522 0.000 0.000 0.000 0.000
420.711 1203.145 -437.768 0.000 0.000 0.000 0.000
417.400 1211.251 -424.012 0.000 0.000 0.000 0.000
423.472 1239.662 -416.824 0.000 0.000 0.000 0.000
420.056 1247.424 -404.316 0.000 0.000 0.000 0.000
426.040 1275.203 -397.385 0.000 0.000 0.000 0.000
432.307 1303.170 -388.534 0.000 0.000 0.000 0.000
429.597 1311.904 -373.253 0.000 0.000 0.000 0.000
435.763 1339.239 -364.710 0.000 0.000 0.000 0.000
422.923 1331.608 -338.538 0.000 0.000 0.000 0.000
429.666 1359.664 -327.229 0.000 0.000 0.000 0.000
427.350 1368.921 -310.103 0.000 0.000 0.000 0.000
433.843 1396.096 -300.220 0.000 0.000 0.000 0.000
432.060 1406.161 -280.205 0.000 0.000 0.000 0.000
438.822 1433.398 -268.702 0.000 0.000 0.000 0.000
437.421 1444.001 -246.902 0.000 0.000 0.000 0.000
434.153 1455.621 -225.138 0.000 0.000 0.000 0.000
441.189 1482.772 -212.277 0.000 0.000 0.000 0.000
469.077 1750.688 -371.372 0.000 0.000 0.000 0.000
470.781 1764.642 -381.389 0.000 0.000 0.000 0.000
471.518 1780.402 -387.861 0.000 0.000 0.000 0.000
472.250 1795.928 -394.239 0.000 0.000 0.000 0.000
474.533 1810.350 -400.509 0.000 0.000 0.000 0.000
475.242 1825.432 -406.704 0.000 0.000 0.000 0.000
476.252 1840.834 -411.154 0.000 0.000 0.000 0.000
483.970 1867.096 -420.494 0.000 0.000 0.000 0.000
477.942 1870.443 -421.500 0.000 0.000 0.000 0.000
479.215 1885.766 -423.196 0.000 0.000 0.000 0.000
480.785 1901.294 -425.123 0.000 0.000 0.000 0.000
482.327 1916.646 -426.101 0.000 0.000 0.000 0.000
483.851 1931.779 -427.067 0.000 0.000 0.000 0.000
491.754 1956.665 -433.595 0.000 0.000 0.000 0.000
493.471 1971.706 -432.942 0.000 0.000 0.000 0.000
488.976 1976.972 -427.763 0.000 0.000 0.000 0.000
496.562 2000.671 -433.201 0.000 0.000 0.000 0.000
491.174 2007.555 -424.088 0.000 0.000 0.000 0.000
493.510 2022.946 -421.429 0.000 0.000 0.000 0.000
501.800 2047.040 -423.285 0.000 0.000 0.000 0.000
484.207 2035.784 -403.332 0.000 0.000 0.000 0.000
474.116 2033.102 -386.091 0.000 0.000 0.000 0.000
449.575 2012.515 -358.658 0.000 0.000 0.000 0.000
