9 74 45661172264
32 73 45661970139
53 73 45662767202
97 75 45664362952
119 77 45665160827
139 81 45665957889
161 86 45666755764
183 91 45667553639
203 97 45668351514
224 104 45669148577
244 112 45669946452
263 120 45670743514
284 130 45671541389
302 140 45672339264
339 163 45673935014
357 175 45674732077
375 188 45675529952
391 202 45676327827
408 216 45677125702
424 230 45677922764
439 245 45678720639
454 261 45679517702
465 253 45680315577
489 225 45681911327
502 213 45682708389
513 201 45683506264
525 190 45684303327
537 180 45685101202
549 171 45685899077
560 163 45686696952
572 155 45687494014
582 149 45688291889
594 143 45689088952
605 138 45689886827
616 134 45690684702
626 131 45691482577
636 129 45692279639
645 127 45693077514
649 127 45693875389
648 120 45697065264
634 117 45697863139
617 114 45698661014
599 112 45699458889
582 110 45700256764
565 110 45701053827
548 110 45701851702
531 112 45702649577
514 114 45703446639
497 116 45704244514
480 120 45705042389
463 124 45705839452
446 130 45706637327
430 136 45707435202
414 142 45708233077
397 149 45709030139
382 157 45709827202
365 167 45710625077
350 176 45711422952
335 185 45712220827
319 196 45713018702
305 207 45713815764
290 218 45714613639
277 227 45715410702
270 215 45716208577
263 203 45717006452
256 192 45717804327
248 182 45718601389
241 173 45719399264
234 164 45720197139
226 156 45720995014
219 150 45721792077
211 144 45722589952
204 138 45723387014
197 134 45724184889
190 130 45724982764
182 127 45725780639
175 125 45726577702
168 124 45727375577
161 123 45728173452
154 124 45728971327
147 125 45729768389
140 127 45730566264
134 129 45731363327
127 132 45732161202
121 137 45732959077
115 141 45733756952
108 147 45734554014
103 153 45735351889
97 160 45736148952
91 168 45736946827
86 176 45737744702
80 186 45738542577
76 195 45739339639
71 205 45740137514
66 216 45740934577
59 209 45741732452
52 200 45742530327
45 191 45743328202
38 183 45744125264
31 174 45744923139
24 168 45745720202
17 162 45746518077
11 157 45747315952
7 152 45748113827
4 148 45748910889
