646 70 45660026298
628 67 45660823360
607 67 45661621235
586 66 45662418298
565 68 45663216173
543 70 45664014048
521 72 45664811923
499 76 45665608985
477 81 45666406860
455 87 45667203923
433 93 45668001798
411 101 45668799673
388 110 45669597548
367 120 45670394610
345 131 45671192485
324 143 45671990360
303 155 45672788235
281 168 45673586110
241 196 45675180235
221 211 45675978110
202 227 45676775985
183 243 45677573860
164 260 45678371735
146 277 45679168798
130 295 45679966673
116 289 45680763735
102 275 45681561610
89 262 45682359485
74 250 45683157360
61 238 45683954423
47 227 45684752298
33 217 45685550173
19 208 45686347235
10 199 45687145110
10 169 45702299860
30 174 45703097735
51 177 45703895610
72 183 45704693485
92 189 45705490548
112 196 45706288423
133 204 45707085485
153 213 45707883360
172 223 45708681235
192 233 45709478298
212 245 45710276173
231 257 45711074048
250 268 45711871923
269 281 45712669798
287 293 45713466860
304 307 45714263923
322 321 45715061798
337 332 45715859673
347 320 45716657548
357 308 45717455423
366 297 45718252485
375 285 45719050360
385 276 45719847423
395 267 45720645298
405 258 45721443173
414 251 45722241048
424 244 45723038110
433 239 45723835985
443 234 45724633860
452 230 45725431735
461 228 45726229610
471 225 45727026673
479 225 45727823735
488 224 45728621610
497 225 45729419485
505 227 45730217360
514 229 45731014423
521 233 45731812298
529 237 45732609360
537 241 45733407235
544 247 45734205110
551 254 45735002985
557 261 45735800048
564 270 45736597923
570 279 45737394985
575 288 45738192860
581 298 45738990735
586 309 45739788610
591 320 45740585673
595 332 45741383548
604 325 45742181423
614 314 45742979298
623 305 45743776360
633 296 45744574235
642 287 45745371298
647 278 45746169173
651 271 45746967048
