-0.0217081 0.345457 0.428888 309.256 -0.000777064 -0.00255903 0.00226799
0.0242024 0.355809 0.444154 309.272 2.87705 0.648706 0.956684
0.13856 0.396268 0.460712 309.335 1.79206 0.634008 0.259475
0.239983 0.416348 0.443609 309.383 2.11933 0.419591 -0.357387
0.531193 0.274417 0.292285 309.527 2.02836 -0.988588 -1.05402
0.73846 -0.00484538 0.135793 309.639 1.85607 -2.50078 -1.40138
0.842997 0.147244 0.279864 309.75 0.936119 1.36196 1.29016
0.878722 0.159051 0.319951 309.766 2.23876 0.739905 2.51208
0.801155 0.241417 0.432204 310.085 -0.243116 0.258157 0.351833
0.756151 0.241138 0.42424 310.101 -2.82312 -0.0174833 -0.499587
0.711093 0.247893 0.412984 310.117 -2.82361 0.423272 -0.705397
0.667313 0.249727 0.39829 310.133 -2.74354 0.114959 -0.920794
0.623255 0.253823 0.382386 310.149 -2.7638 0.256946 -0.99765
0.578172 0.254279 0.36171 310.165 -2.8252 0.0285425 -1.29568
0.535176 0.257259 0.339805 310.181 -2.69439 0.186761 -1.37275
0.49289 0.262997 0.316604 310.197 -2.64989 0.35957 -1.45387
0.447776 0.265847 0.291269 310.213 -2.83002 0.178789 -1.58929
0.405116 0.270737 0.261653 310.229 -2.67611 0.306751 -1.85784
0.360412 0.270406 0.227869 310.245 -2.80141 -0.0207464 -2.11709
0.317852 0.270643 0.196788 310.261 -2.66709 0.0148793 -1.94773
0.274694 0.275839 0.162927 310.277 -2.70458 0.325641 -2.12198
0.230767 0.273311 0.125907 310.293 -2.75275 -0.158479 -2.31989
0.190228 0.276029 0.0860626 310.309 -2.54299 0.170527 -2.49947
0.146348 0.278796 0.0454737 310.325 -2.74982 0.173412 -2.54356
0.108514 0.279949 0.0122786 310.34 -2.37337 0.0723187 -2.08234
0.0866259 0.282106 0.0503523 310.356 -1.37162 0.135157 2.38595
0.065031 0.284422 0.0879504 310.372 -1.35328 0.145165 2.35614
0.0448243 0.286321 0.121938 310.388 -1.26628 0.118957 2.12988
0.0234107 0.282889 0.154719 310.404 -1.34328 -0.215252 2.05639
0.00230305 0.284792 0.181802 310.42 -1.32274 0.11927 1.69717
-0.0186008 0.286799 0.208644 310.436 -1.30997 0.125736 1.68209
-0.0408255 0.285644 0.233269 310.452 -1.39274 -0.0723396 1.54319
-0.0605375 0.284222 0.251798 310.468 -1.23654 -0.0892032 1.16227
-0.0827274 0.28257 0.270108 310.484 -1.39056 -0.103549 1.14742
-0.10234 0.28576 0.286124 310.5 -1.23032 0.200127 1.0047
-0.123172 0.284473 0.29846 310.516 -1.30548 -0.080653 0.773073
-0.142867 0.284906 0.309589 310.532 -1.23416 0.0271453 0.697419
-0.164227 0.286432 0.316486 310.548 -1.33857 0.0955937 0.432228
-0.185254 0.284788 0.322872 310.564 -1.31906 -0.103105 0.40055
-0.204389 0.286052 0.323998 310.58 -1.19908 0.0791995 0.0705731
-0.224562 0.285779 0.326292 310.596 -1.26421 -0.0171273 0.143742
-0.245219 0.285092 0.322743 310.612 -1.29452 -0.0430718 -0.222381
-0.26489 0.285872 0.318009 310.628 -1.23392 0.0489545 -0.296974
-0.285902 0.285047 0.311512 310.644 -1.3168 -0.0516641 -0.407108
-0.30346 0.288086 0.30276 310.66 -1.10137 0.190638 -0.549007
-0.323875 0.288475 0.292061 310.675 -1.27939 0.0243606 -0.67052
-0.343265 0.285385 0.277843 310.691 -1.21509 -0.193673 -0.890963
-0.36169 0.288094 0.262975 310.707 -1.15459 0.169793 -0.931713
-0.382243 0.287274 0.243011 310.723 -1.28931 -0.0514632 -1.25237
-0.398801 0.287909 0.223158 310.739 -1.03761 0.0398325 -1.24413
-0.418654 0.290257 0.198765 310.755 -1.24542 0.14724 -1.5302
-0.437745 0.28964 0.172212 310.771 -1.19633 -0.0386673 -1.66398
-0.454328 0.289384 0.145503 310.787 -1.0392 -0.016008 -1.67372
-0.474417 0.286736 0.113342 310.803 -1.25892 -0.16594 -2.01542
-0.490401 0.289682 0.0817279 310.819 -1.0027 0.18482 -1.98318
-0.508372 0.289544 0.0476194 310.835 -1.12615 -0.00870155 -2.13746
-0.525779 0.28863 0.00974618 310.851 -1.09198 -0.057318 -2.3758
-0.544618 0.289173 0.031895 310.867 -1.18054 0.0340427 1.38799
-0.56327 0.286824 0.0629937 310.883 -1.16888 -0.147219 1.94884
-0.580895 0.287561 0.0911478 310.899 -1.10448 0.0461699 1.76432
-0.599813 0.287209 0.1172 310.915 -1.18673 -0.0220397 1.63427
-0.617097 0.287965 0.14484 310.931 -1.08314 0.0473907 1.73212
-0.630354 0.278885 0.16641 310.947 -0.831641 -0.569598 1.35304
-0.642718 0.272512 0.185272 310.963 -0.77478 -0.39942 1.18201
