-0.53557 0.109421 0.436781 169.282 0.00100137 -0.00214061 0.00628143
-0.480346 0.112923 0.44114 169.298 3.53262 0.224016 0.278841
-0.426008 0.116271 0.441355 169.313 3.47597 0.214196 0.0137312
-0.371871 0.117741 0.438609 169.329 3.46316 0.0940207 -0.175645
-0.314073 0.123005 0.436283 169.345 3.69344 0.336388 -0.148647
-0.262304 0.120889 0.424932 169.36 3.31159 -0.135326 -0.726123
-0.209031 0.120023 0.413669 169.376 3.40786 -0.0554185 -0.720461
-0.153111 0.124388 0.402867 169.391 3.57716 0.279223 -0.691022
-0.100997 0.126668 0.387552 169.407 3.33372 0.145816 -0.979681
-0.0450252 0.130945 0.37103 169.423 3.58045 0.273646 -1.05686
0.00605519 0.129566 0.35098 169.438 3.26758 -0.0882447 -1.28261
0.0598731 0.133384 0.328452 169.454 3.4427 0.244226 -1.44111
0.111449 0.139518 0.30446 169.47 3.29926 0.392391 -1.53477
0.16481 0.143362 0.278673 169.485 3.41349 0.245896 -1.64952
0.214804 0.138321 0.244394 169.501 3.19808 -0.32245 -2.19284
0.26637 0.143663 0.213677 169.517 3.29522 0.341337 -1.96287
0.317403 0.143845 0.179133 169.532 3.26451 0.0116588 -2.2098
0.367805 0.146408 0.142865 169.548 3.22422 0.163999 -2.32004
0.416125 0.146266 0.104231 169.563 3.09093 -0.00914474 -2.47136
0.465274 0.148444 0.0637908 169.579 3.14408 0.139324 -2.58694
0.513888 0.152635 0.0213951 169.595 3.10977 0.26811 -2.71202
0.547173 0.154911 0.0354481 169.61 2.12923 0.145641 0.898957
0.582992 0.153089 0.0712272 169.626 2.29135 -0.116594 2.28876
0.615514 0.153728 0.108201 169.642 2.08037 0.0408682 2.36518
0.64749 0.159798 0.142068 169.657 2.04549 0.388338 2.16645
0.679226 0.163573 0.173752 169.673 2.03012 0.241475 2.02679
0.712878 0.160848 0.198574 169.689 2.15273 -0.174305 1.5879
0.744449 0.164361 0.223613 169.704 2.01747 0.224461 1.60001
0.774608 0.169701 0.247122 169.72 1.92921 0.341581 1.50388
0.805235 0.167472 0.265287 169.735 1.95918 -0.142587 1.16203
0.838309 0.169762 0.280968 169.751 2.11577 0.146491 1.00304
0.868556 0.169767 0.297661 169.767 1.93487 0.000338955 1.06785
0.889561 0.169773 0.311415 169.782 1.34364 0.000381596 0.879869
0.830919 0.180374 0.473798 169.939 -0.375128 0.067816 1.03875
0.781004 0.182028 0.499424 169.954 -3.19305 0.10578 1.63931
0.734265 0.185771 0.521167 169.97 -2.98986 0.239444 1.39085
0.682647 0.178675 0.536321 169.986 -3.30192 -0.453928 0.969414
0.63545 0.181568 0.557745 170.001 -3.01916 0.185078 1.37045
0.587948 0.183329 0.573775 170.017 -3.03556 0.112509 1.02437
0.538798 0.19279 0.59287 170.032 -3.14732 0.605876 1.22276
0.498729 0.187042 0.600609 170.048 -2.56058 -0.367345 0.494567
0.445084 0.176624 0.604896 170.064 -3.43161 -0.666435 0.274205
0.397039 0.183917 0.613485 170.079 -3.0734 0.466551 0.549438
0.351895 0.184632 0.619032 170.095 -2.88785 0.0457457 0.354837
0.304541 0.181591 0.620383 170.111 -3.02917 -0.194537 0.0864771
0.259456 0.187321 0.618752 170.126 -2.88408 0.366543 -0.104393
0.213068 0.183845 0.61753 170.142 -2.96738 -0.222354 -0.0781529
0.166532 0.18276 0.612693 170.158 -2.97693 -0.069427 -0.309392
0.119736 0.187166 0.605776 170.173 -2.9935 0.281855 -0.44247
0.0765303 0.186754 0.598449 170.189 -2.76382 -0.02634 -0.468732
0.0316589 0.188089 0.587348 170.204 -2.87039 0.0853857 -0.710112
-0.0122238 0.18461 0.573126 170.22 -2.80715 -0.222582 -0.909785
-0.058183 0.189373 0.556972 170.236 -2.93692 0.304376 -1.03225
-0.102973 0.188688 0.538809 170.251 -2.8652 -0.0437703 -1.16191
-0.144649 0.190306 0.519461 170.267 -2.66598 0.103476 -1.23765
-0.189303 0.194195 0.498761 170.283 -2.85948 0.249042 -1.32558
-0.23121 0.192294 0.471906 170.298 -2.67797 -0.121485 -1.71611
-0.277286 0.194122 0.447809 170.314 -2.94741 0.116958 -1.54146
-0.317252 0.197493 0.422274 170.329 -2.55663 0.215594 -1.63344
-0.359524 0.201899 0.392327 170.345 -2.70406 0.281884 -1.91572
-0.401637 0.200987 0.360069 170.361 -2.69396 -0.0583464 -2.06351
-0.4425 0.208005 0.326694 170.376 -2.61397 0.448958 -2.13498
-0.488865 0.207002 0.292017 170.392 -2.96598 -0.0642042 -2.21825
-0.526368 0.208352 0.254186 170.408 -2.39899 0.0863502 -2.42003
-0.566125 0.210718 0.214361 170.423 -2.54326 0.151395 -2.54756
-0.607769 0.214059 0.175534 170.439 -2.6639 0.213706 -2.48375
-0.645638 0.214015 0.129543 170.455 -2.42249 -0.00280818 -2.94202
