1.03033 0.181828 0.285932 169.862 1.83538 0.0905055 -0.248088 169387
1.03037 0.181505 0.286629 169.862 1.83631 0.087482 -0.248271 169403
1.03006 0.171547 0.288002 169.864 1.83414 0.0718816 -0.285884 169418
1.03085 0.185116 0.288337 169.863 1.83863 0.0976555 -0.279941 169434
1.03045 0.197882 0.288035 169.864 1.83745 0.121728 -0.291601 169450
1.03009 0.187982 0.295082 169.863 1.84701 0.097182 -0.287885 169465
1.03085 0.173657 0.297921 169.865 1.842 0.0690842 -0.31373 169482
1.03056 0.155522 0.301221 169.864 1.84959 0.0322593 -0.307315 169496
1.03069 0.159152 0.300885 169.865 1.84836 0.0422328 -0.319239 169512
1.03052 0.171283 0.295326 169.864 1.84736 0.0682869 -0.308228 169528
1.03084 0.161551 0.298186 169.866 1.8375 0.0443443 -0.333198 169543
1.0309 0.171296 0.297371 169.867 1.83152 0.0732511 -0.34393 169559
1.03074 0.170964 0.263966 169.843 1.99003 0.0779507 -0.196005 169621
1.03003 0.184946 0.345227 169.847 1.95315 0.142847 0.122025 169637
1.03079 0.189563 0.345848 169.849 1.9357 0.151781 0.0912705 169653
1.03041 0.186333 0.337652 169.848 1.94814 0.13452 0.0631179 169669
1.03043 0.182811 0.335147 169.849 1.93763 0.12489 0.046979 169684
1.03025 0.179962 0.332324 169.85 1.91482 0.101622 0.0137887 169699
1.03021 0.185029 0.33322 169.851 1.91281 0.12849 0.00806164 169715
1.0302 0.176911 0.332859 169.85 1.92557 0.0671246 0.0198949 169731
1.0305 0.170581 0.334816 169.855 1.8199 0.0151432 -0.00566052 169747
