10 107 90129829720
31 106 90130611345
52 105 90131392970
72 105 90132174595
93 107 90132956220
115 108 90133738658
134 113 90134520283
154 118 90135301908
175 122 90136083533
195 128 90136865158
216 134 90137646783
235 142 90138428408
255 150 90139210033
274 158 90139991658
294 167 90140773283
312 180 90141554908
330 190 90142337345
348 202 90143118970
366 214 90143900595
382 227 90144682220
399 240 90145463845
416 253 90146245470
427 249 90147027095
441 239 90147808720
454 228 90148590345
466 217 90149371970
478 207 90150153595
492 200 90150935220
504 192 90151717658
516 184 90152499283
528 179 90153280908
541 174 90154062533
553 169 90154844158
564 164 90155625783
577 163 90156407408
588 161 90157189033
599 159 90157970658
610 159 90158752283
621 160 90159533908
616 153 90160315533
600 140 90161097158
580 130 90161878783
564 118 90162660408
547 107 90163442033
529 97 90164223658
512 88 90165005283
492 83 90165786908
475 74 90166568533
458 67 90167350970
439 58 90168131783
426 55 90168914220
404 54 90169695845
385 49 90170477470
368 46 90171259095
350 45 90172040720
333 44 90172822345
315 44 90173603970
297 45 90174385595
279 46 90175167220
263 48 90175948845
246 51 90176730470
230 56 90177512095
212 60 90178294533
196 66 90179076158
181 72 90179857783
165 78 90180638595
150 87 90181421033
133 94 90182202658
120 102 90182984283
106 111 90183765908
91 121 90184547533
79 131 90185329158
62 141 90186110783
51 153 90186892408
39 165 90187674033
26 176 90188455658
15 190 90189237283
