651 147 90129488152
633 145 90130269777
610 144 90131051402
588 143 90131833027
565 144 90132614652
543 145 90133396277
519 147 90134178714
496 151 90134959527
473 155 90135741152
449 160 90136523589
427 166 90137305214
403 173 90138086027
381 180 90138867652
358 189 90139650089
336 199 90140431714
314 209 90141213339
293 220 90141994964
271 232 90142776589
250 244 90143559027
230 257 90144339839
210 270 90145121464
191 284 90145903902
173 299 90146685527
158 295 90147467152
143 283 90148248777
129 271 90149030402
114 261 90149812027
99 251 90150593652
85 242 90151375277
70 234 90152156902
56 227 90152938527
42 220 90153720152
27 215 90154501777
13 209 90155284214
6 205 90156065839
3 155 90163100464
19 144 90163882089
40 134 90164663714
60 126 90165445339
82 118 90166226964
103 110 90167008589
125 104 90167790214
146 98 90168571839
167 94 90169353464
190 90 90170135902
211 88 90170917527
232 86 90171699152
254 85 90172480777
275 87 90173262402
296 87 90174044027
317 89 90174825652
338 93 90175607277
358 96 90176388902
378 101 90177170527
398 106 90177952152
417 114 90178733777
437 121 90179516214
455 129 90180297027
474 138 90181078652
491 148 90181860277
509 158 90182642714
526 168 90183424339
543 180 90184205152
558 192 90184987589
575 205 90185769214
590 218 90186550839
604 231 90187332464
618 245 90188114089
632 259 90188895714
644 274 90189677339
49 137 90191240589
43 137 90192022214
37 137 90192803839
29 137 90193585464
21 137 90194367902
12 137 90195149527
7 137 90195931152
