-0.491481 0.16155 0.438063 325.238 -0.0986508 0.0441163 0.0191469
-0.430341 0.158485 0.442028 325.254 3.91106 -0.196087 0.253682
-0.365864 0.156941 0.44485 325.27 4.12885 -0.0988724 0.180668
-0.306568 0.155018 0.44608 325.285 3.79711 -0.123125 0.0787747
-0.241677 0.157191 0.442335 325.301 4.15531 0.139132 -0.23977
-0.181963 0.151638 0.436376 325.316 3.82388 -0.35562 -0.381603
-0.121323 0.147545 0.426445 325.332 3.88314 -0.262046 -0.635984
-0.0603976 0.15029 0.417086 325.348 3.90138 0.175749 -0.599255
0.00172603 0.147059 0.404429 325.363 3.974 -0.206678 -0.809688
0.0613897 0.148699 0.389307 325.379 3.82062 0.105008 -0.96837
0.118784 0.144724 0.370743 325.395 3.67529 -0.254507 -1.18872
0.180269 0.149286 0.351528 325.41 3.93723 0.292109 -1.23049
0.237122 0.147813 0.32868 325.426 3.63685 -0.0942329 -1.46157
0.295611 0.145971 0.302784 325.441 3.7454 -0.117936 -1.65824
0.352119 0.143885 0.273674 325.457 3.61857 -0.133577 -1.86411
0.410528 0.141936 0.24436 325.473 3.74025 -0.124792 -1.87714
0.465879 0.139476 0.211663 325.488 3.54445 -0.157542 -2.09378
0.521677 0.139745 0.177318 325.504 3.56935 0.0172217 -2.19705
0.576944 0.142192 0.141248 325.519 3.53907 0.156692 -2.30972
0.630453 0.142011 0.102873 325.535 3.42647 -0.0116358 -2.45742
0.683846 0.136589 0.0603611 325.551 3.41908 -0.347182 -2.72226
0.735215 0.135949 0.0176206 325.566 3.28947 -0.0409519 -2.73692
0.773893 0.137652 0.0382222 325.582 2.47675 0.109035 1.31924
0.80754 0.13885 0.0756142 325.598 2.15243 0.0766196 2.39194
0.842178 0.141872 0.11118 325.613 2.21804 0.193514 2.2775
0.876316 0.144927 0.146254 325.629 2.18606 0.195634 2.24599
0.906103 0.144907 0.174586 325.644 1.90745 -0.00126892 1.81423
0.814454 0.164676 0.48533 325.801 -0.586759 0.126568 1.98946
0.769955 0.167386 0.516325 325.816 -2.84953 0.173505 1.98482
0.719015 0.167309 0.545257 325.832 -3.26203 -0.00489636 1.8527
0.67598 0.168264 0.57297 325.847 -2.75292 0.0610523 1.77273
0.627766 0.166534 0.59618 325.863 -3.08737 -0.110771 1.48632
0.584934 0.169061 0.617228 325.879 -2.74283 0.161797 1.34782
0.537582 0.167278 0.635015 325.894 -3.03222 -0.114177 1.13897
0.491851 0.167087 0.654208 325.91 -2.9284 -0.0122208 1.22906
0.447753 0.166402 0.668279 325.926 -2.82386 -0.0438631 0.901078
0.40417 0.161952 0.680794 325.941 -2.79087 -0.284962 0.801363
0.357955 0.163485 0.691169 325.957 -2.95638 0.0980553 0.663673
0.314799 0.15828 0.698629 325.972 -2.76351 -0.333259 0.477757
0.27145 0.158916 0.704061 325.988 -2.77589 0.0406967 0.347797
0.228185 0.1561 0.707992 326.004 -2.77053 -0.18031 0.251746
0.183605 0.155223 0.708374 326.019 -2.85173 -0.0560893 0.0244583
0.141547 0.152291 0.707408 326.035 -2.69324 -0.187751 -0.061861
0.0993583 0.149367 0.703971 326.051 -2.70158 -0.187257 -0.220132
0.0578012 0.147146 0.696901 326.066 -2.66114 -0.142216 -0.452683
0.0138813 0.146199 0.689845 326.082 -2.80953 -0.0606134 -0.451399
-0.0268632 0.144676 0.680285 326.097 -2.6091 -0.0975058 -0.612182
-0.0666553 0.144178 0.66825 326.113 -2.54813 -0.0319086 -0.770692
-0.109267 0.143413 0.653539 326.129 -2.72865 -0.0489892 -0.942029
-0.150083 0.143561 0.637589 326.144 -2.61371 0.00948856 -1.02137
-0.191406 0.13836 0.618498 326.16 -2.64341 -0.332685 -1.2212
-0.229229 0.139909 0.598505 326.175 -2.42201 0.0992038 -1.28031
-0.270544 0.136559 0.575316 326.191 -2.64566 -0.214574 -1.48492
-0.311086 0.137081 0.550882 326.207 -2.59617 0.033448 -1.56464
-0.352225 0.135365 0.524636 326.222 -2.63431 -0.109909 -1.68067
-0.391117 0.136641 0.498341 326.238 -2.49051 0.0817274 -1.68382
-0.431402 0.130901 0.467093 326.254 -2.57697 -0.367173 -1.99892
-0.469455 0.132523 0.436076 326.269 -2.4368 0.103854 -1.9862
-0.507411 0.130999 0.400182 326.285 -2.43056 -0.0975833 -2.29852
-0.54553 0.130146 0.365181 326.3 -2.44096 -0.0545994 -2.24131
-0.586039 0.127409 0.329558 326.316 -2.59406 -0.175287 -2.28118
-0.620956 0.1279 0.286355 326.332 -2.23359 0.0314406 -2.76368
