1.03006 0.127514 0.21903 325.704 2.02295 -0.0438021 1.21671 325275
1.03065 0.10937 0.231338 325.709 2.02391 -0.0731224 1.10051 325291
1.03043 0.114183 0.231668 325.706 2.03997 -0.0636014 1.09502 325306
1.03 0.108193 0.228247 325.705 2.04228 -0.0725643 1.12167 325322
1.03077 0.136875 0.218834 325.698 2.06161 -0.0215218 1.20191 325338
1.03053 0.136519 0.220271 325.699 2.05523 -0.0247012 1.19421 325353
1.03002 0.139559 0.223078 325.699 2.06336 -0.0149629 1.17705 325369
1.03043 0.150419 0.228214 325.702 2.05451 0.00729561 1.13784 325385
1.03056 0.144117 0.22981 325.701 2.06408 -0.00832397 1.1387 325400
1.03101 0.141481 0.234617 325.702 2.06876 -0.0177581 1.12554 325416
1.03101 0.122126 0.240999 325.704 2.06786 -0.0669284 1.0916 325432
1.03015 0.119473 0.239498 325.702 2.07694 -0.0751347 1.11379 325447
1.03034 0.123113 0.239854 325.703 2.07289 -0.0617639 1.10702 325463
1.03074 0.134186 0.237457 325.702 2.07322 -0.0206231 1.11329 325478
1.03036 0.142756 0.24115 325.704 2.05821 0.0107074 1.09015 325494
1.03078 0.139074 0.244584 325.705 2.05661 -0.0132683 1.09424 325510
1.03079 0.131042 0.249596 325.707 2.0387 -0.050379 1.084 325525
1.03001 0.153238 0.233833 325.699 2.15304 0.136222 1.05781 325587
1.03075 0.153623 0.266946 325.703 2.05622 0.12704 1.25207 325603
