8 101 97926863283
30 100 97927644095
53 99 97928424908
75 99 97929206533
98 99 97929987345
120 100 97930768158
144 102 97931548970
166 106 97932329783
188 111 97933110595
211 115 97933891408
234 121 97934673033
256 127 97935453845
277 135 97936234658
300 142 97937015470
321 151 97937797095
342 161 97938577908
362 172 97939358720
383 183 97940139533
403 195 97940920345
422 207 97941701970
441 219 97942482783
459 232 97943263595
477 247 97944044408
494 261 97944825220
509 255 97945606033
522 244 97946387658
536 233 97947168470
550 222 97947949283
564 213 97948730095
577 204 97949511720
590 197 97950292533
604 190 97951073345
616 184 97951854158
624 176 97952634970
608 160 97953416595
592 146 97954197408
574 132 97954978220
559 118 97955759033
542 105 97956539845
526 93 97957320658
507 82 97958101470
492 71 97958883095
474 62 97959663908
459 53 97960444720
440 46 97961225533
423 38 97962006345
406 32 97962787158
390 27 97963567970
371 22 97964349595
355 19 97965130408
338 16 97965911220
321 14 97966692033
303 13 97967473658
287 13 97968254470
271 14 97969035283
254 16 97969816095
237 18 97970597720
221 21 97971378533
206 25 97972159345
190 30 97972940158
174 35 97973720970
158 42 97974502595
145 49 97975283408
129 57 97976064220
114 65 97976845033
99 74 97977625845
86 83 97978406658
71 94 97979188283
58 104 97979969095
45 116 97980749908
33 128 97981530720
18 139 97982311533
9 154 97983093158
