648 161 97927302527
624 158 97928083339
598 154 97928864152
572 152 97929645777
544 151 97930426589
519 150 97931207402
491 152 97931988214
465 153 97932769027
438 156 97933549839
412 160 97934330652
385 164 97935112277
359 170 97935893089
334 176 97936673902
308 184 97937454714
284 192 97938236339
259 201 97939017152
235 211 97939797964
211 221 97940578777
189 232 97941359589
166 244 97942141214
144 257 97942922027
123 270 97943702839
103 283 97944483652
84 297 97945264464
68 291 97946045277
52 279 97946826902
36 268 97947607714
20 257 97948388527
8 248 97949169339
8 150 97956198277
27 136 97956979089
45 124 97957759902
66 112 97958540714
85 101 97959322339
106 91 97960103152
126 83 97960883964
146 75 97961664777
167 67 97962445589
187 61 97963226402
208 55 97964007214
228 51 97964788839
249 47 97965569652
269 45 97966350464
289 43 97967131277
309 43 97967912902
329 43 97968693714
349 44 97969474527
367 47 97970255339
387 50 97971036964
405 54 97971817777
423 59 97972598589
442 65 97973379402
459 72 97974160214
476 79 97974941839
493 87 97975722652
509 96 97976503464
525 106 97977284277
541 116 97978065089
557 126 97978845902
571 137 97979627527
585 149 97980408339
598 162 97981189152
612 174 97981969964
624 187 97982750777
637 201 97983532402
645 214 97984312402
651 229 97985094027
20 137 97986655652
12 137 97987436464
7 137 97988217277
