-0.595916 0.138539 0.511434 330.799 0.00560545 0.00238145 0.0503865
-0.548839 0.139266 0.523228 330.814 3.01465 0.0465754 0.755249
-0.496485 0.13643 0.532172 330.83 3.3525 -0.181606 0.572741
-0.447077 0.131165 0.539475 330.846 3.16388 -0.337124 0.467627
-0.39731 0.133747 0.540772 330.861 3.18686 0.165305 0.0830209
-0.347866 0.134005 0.541907 330.877 3.16624 0.0165174 0.0727391
-0.298825 0.131994 0.537487 330.892 3.14036 -0.128743 -0.283078
-0.248419 0.133844 0.536095 330.908 3.22443 0.118339 -0.0890253
-0.199717 0.133947 0.527861 330.924 3.11867 0.00658692 -0.527303
-0.148856 0.13719 0.517282 330.939 3.25695 0.207678 -0.677421
-0.103951 0.135814 0.506138 330.955 2.87548 -0.0881368 -0.713596
-0.055223 0.135446 0.492428 330.971 3.12037 -0.023565 -0.877954
-0.00657304 0.136031 0.477404 330.986 3.11211 0.0374302 -0.961072
0.0410425 0.134331 0.458003 331.002 3.04911 -0.10883 -1.24238
0.0888934 0.135214 0.437327 331.017 3.06417 0.0564948 -1.32399
0.133183 0.135158 0.413573 331.033 2.83613 -0.00357127 -1.52109
0.18051 0.135958 0.38698 331.049 3.03061 0.0512165 -1.7029
0.225576 0.1357 0.357159 331.064 2.88586 -0.0164646 -1.90964
0.273792 0.138681 0.325971 331.08 3.08433 0.190632 -1.99504
0.316147 0.138286 0.292529 331.095 2.7122 -0.0252413 -2.14152
0.360455 0.137862 0.255819 331.111 2.83734 -0.0271524 -2.35073
0.406521 0.137498 0.218673 331.127 2.94984 -0.0233372 -2.37872
0.450736 0.136936 0.177942 331.142 2.83139 -0.035964 -2.6082
0.493146 0.136082 0.136576 331.158 2.71294 -0.0546165 -2.6462
0.534961 0.135193 0.0914437 331.174 2.67766 -0.0569589 -2.89006
0.578658 0.134673 0.0456604 331.189 2.79815 -0.0333113 -2.93177
0.615232 0.134574 0.0150105 331.205 2.34203 -0.00634946 -1.96269
0.644755 0.137476 0.0575897 331.22 1.89057 0.185843 2.7266
0.671324 0.135675 0.0989501 331.236 1.70134 -0.115331 2.64855
0.700204 0.138613 0.137125 331.252 1.84938 0.188165 2.4446
0.728457 0.142584 0.17476 331.267 1.80731 0.253997 2.40747
0.754483 0.143013 0.207052 331.283 1.6666 0.027474 2.0678
0.781335 0.14405 0.238982 331.299 1.71951 0.0664267 2.0447
0.809887 0.144117 0.264695 331.314 1.8283 0.00426954 1.64657
0.836519 0.147322 0.291784 331.33 1.70542 0.20526 1.73467
0.863594 0.150101 0.312853 331.345 1.73379 0.17791 1.34912
0.88344 0.149873 0.333433 331.361 1.2708 -0.0145562 1.31786
0.825815 0.173085 0.544302 331.548 -0.307449 0.123846 1.12507
0.780747 0.177417 0.56312 331.564 -2.88594 0.277386 1.20504
0.731465 0.180215 0.581667 331.58 -3.1526 0.178949 1.18641
0.68749 0.183805 0.59511 331.595 -2.81592 0.229901 0.86084
0.641533 0.183316 0.609428 331.611 -2.94291 -0.0312755 0.91687
0.595784 0.186205 0.620134 331.627 -2.92962 0.185007 0.685529
0.551661 0.187946 0.628259 331.642 -2.82251 0.11132 0.519757
0.506729 0.18871 0.633776 331.658 -2.87722 0.0489378 0.353291
0.461978 0.189074 0.636739 331.673 -2.86568 0.0233389 0.189729
0.415911 0.189554 0.639666 331.689 -2.94994 0.0307427 0.187462
0.373593 0.192469 0.639136 331.705 -2.70985 0.18664 -0.0339205
0.327604 0.194717 0.635938 331.72 -2.94493 0.143953 -0.204819
0.285321 0.19081 0.629723 331.736 -2.70765 -0.250192 -0.397989
0.24036 0.195757 0.62297 331.751 -2.8761 0.316451 -0.431968
0.197458 0.193868 0.613041 331.767 -2.74729 -0.120963 -0.635795
0.154508 0.195581 0.602113 331.783 -2.75035 0.109712 -0.699809
0.112359 0.196702 0.588501 331.798 -2.69906 0.0717902 -0.871654
0.0709524 0.197062 0.572145 331.814 -2.65148 0.0230136 -1.04736
0.0244685 0.197967 0.552965 331.83 -2.97663 0.0579793 -1.22821
-0.0140557 0.19907 0.531152 331.845 -2.46694 0.0706446 -1.39681
-0.0579295 0.19983 0.508969 331.861 -2.80658 0.0485865 -1.41902
-0.0998446 0.203525 0.485553 331.876 -2.68406 0.236598 -1.49951
-0.141258 0.206321 0.459095 331.892 -2.65192 0.179054 -1.69424
-0.182228 0.208179 0.429496 331.908 -2.62355 0.119022 -1.89541
-0.224504 0.210495 0.400856 331.923 -2.70721 0.148292 -1.83397
-0.26795 0.213243 0.367678 331.939 -2.77918 0.175765 -2.12236
-0.306981 0.214287 0.332498 331.955 -2.49944 0.0668566 -2.25279
-0.348175 0.216611 0.295463 331.97 -2.63784 0.148813 -2.37155
-0.385764 0.218311 0.259325 331.986 -2.4071 0.108906 -2.31418
-0.429939 0.219541 0.216389 332.001 -2.82877 0.0787345 -2.74942
-0.470622 0.220473 0.175857 332.017 -2.60512 0.0596542 -2.59551
-0.509483 0.219756 0.132948 332.033 -2.48855 -0.0459101 -2.7477
-0.549394 0.223312 0.0866645 332.048 -2.55309 0.227472 -2.96073
-0.587065 0.22527 0.0410091 332.064 -2.41224 0.125434 -2.92358
-0.618272 0.224927 0.0157008 332.079 -1.99838 -0.0219795 -1.62064
-0.636385 0.227476 0.0572926 332.095 -1.15992 0.163223 2.66337
-0.650284 0.229222 0.100006 332.111 -0.88999 0.111806 2.73518
-0.65792 0.222643 0.138094 332.126 -0.488488 -0.420879 2.4365
