1.03072 0.142028 0.355067 331.45 1.6446 0.00831084 0.192933 330945
1.03058 0.1232 0.353961 331.449 1.64695 -0.0189828 0.220121 330960
1.0307 0.130354 0.351036 331.439 1.6758 -0.00804755 0.316218 330976
1.03068 0.132134 0.355579 331.446 1.65616 -0.00488305 0.231643 330992
1.03052 0.136133 0.360074 331.45 1.64921 0.00240497 0.172625 331007
1.03046 0.14225 0.363631 331.454 1.64302 0.0124198 0.139233 331023
1.03077 0.149193 0.365883 331.45 1.66196 0.0268807 0.166592 331038
1.0301 0.152345 0.36733 331.448 1.66549 0.0325715 0.176436 331054
1.03012 0.148586 0.370576 331.453 1.6481 0.0233995 0.13279 331070
1.03049 0.142981 0.369355 331.452 1.65476 0.0102375 0.143373 331086
1.03078 0.131442 0.371382 331.453 1.65378 -0.0159211 0.134988 331102
1.03083 0.129986 0.369209 331.449 1.66796 -0.0200236 0.170401 331116
1.03064 0.127914 0.371945 331.453 1.65039 -0.0255868 0.133642 331132
1.03023 0.126801 0.373823 331.455 1.63862 -0.0282736 0.119133 331148
1.03037 0.127906 0.330537 331.463 1.5859 -0.0234703 -0.0987835 331164
1.03035 0.158609 0.402127 331.443 1.67953 0.102214 0.417048 331226
1.03076 0.160187 0.406601 331.445 1.65878 0.10785 0.405339 331241
1.03005 0.165121 0.408184 331.445 1.65628 0.127706 0.418821 331257
1.03017 0.156125 0.404296 331.445 1.65528 0.0758309 0.38602 331273
1.03038 0.153253 0.401678 331.445 1.66165 0.0647514 0.378815 331288
1.0306 0.158893 0.399725 331.443 1.68329 0.107419 0.386409 331304
1.03047 0.160437 0.399804 331.449 1.59679 0.109148 0.319531 331320
