644 122 98206885402
626 117 98207666214
604 113 98208447027
583 109 98209227839
562 109 98210008652
540 109 98210789464
519 110 98211570277
497 111 98212351902
476 114 98213132714
453 119 98213913527
433 123 98214694339
412 128 98215475152
390 134 98216256777
369 141 98217037589
348 149 98217818402
328 158 98218599214
308 168 98219380027
288 179 98220160839
268 191 98220941652
250 203 98221723277
232 216 98222504089
213 229 98223284902
195 243 98224065714
179 257 98224847339
163 272 98225628152
146 287 98226408964
132 297 98227189777
119 284 98227970589
107 270 98228751402
94 258 98229532214
80 246 98230313839
68 235 98231094652
55 224 98231875464
42 215 98232656277
29 206 98233437089
16 199 98234217902
8 192 98234998714
3 123 98243589277
18 114 98244370089
37 107 98245150902
59 100 98245932527
78 95 98246713339
99 89 98247494152
119 85 98248274964
139 82 98249056589
160 80 98249836589
181 79 98250618214
202 78 98251399027
222 79 98252179839
243 81 98252960652
263 83 98253741464
284 87 98254523089
303 91 98255303902
323 96 98256084714
342 102 98256865527
360 109 98257646339
381 117 98258427152
398 126 98259207964
417 135 98259989589
435 145 98260770402
452 156 98261551214
468 168 98262332027
486 179 98263112839
503 192 98263894464
518 205 98264675277
533 219 98265456089
547 232 98266236902
563 247 98267017714
577 261 98267798527
590 275 98268579339
603 291 98269360964
615 306 98270141777
625 314 98270922589
636 301 98271703402
644 288 98272484214
649 274 98273265027
16 137 98274827464
9 137 98275608277
5 137 98276389089
