8 74 98206446158
26 71 98207226970
45 69 98208007783
63 68 98208788595
82 68 98209569408
100 68 98210350220
119 71 98211131033
138 72 98211912658
157 76 98212693470
176 80 98213474283
193 85 98214255095
212 91 98215035908
230 97 98215817533
248 105 98216598345
266 113 98217379158
282 122 98218159970
300 132 98218940783
316 143 98219721595
334 154 98220503220
349 166 98221284033
365 179 98222064845
381 192 98222845658
396 206 98223626470
411 220 98224408095
425 235 98225188908
439 250 98225969720
451 260 98226750533
463 247 98227531345
474 235 98228312158
486 223 98229092970
497 211 98229874595
508 201 98230655408
519 191 98231436220
531 183 98232217033
542 174 98232997845
553 167 98233778658
563 160 98234559470
574 155 98235341095
585 150 98236121908
595 146 98236902720
605 143 98237683533
616 140 98238464345
626 139 98239245158
632 136 98240025970
615 124 98240806783
599 113 98241588408
582 102 98242369220
565 92 98243150033
549 83 98243930845
532 75 98244711658
514 67 98245493283
497 61 98246274095
480 55 98247054908
462 50 98247835720
445 46 98248617345
428 43 98249398158
411 41 98250178970
393 39 98250959783
377 38 98251740595
359 38 98252521408
343 40 98253302220
326 41 98254083845
309 44 98254864658
293 47 98255645470
277 51 98256426283
261 56 98257207095
244 62 98257987908
230 69 98258768720
214 76 98259550345
199 83 98260331158
184 91 98261111970
169 100 98261892783
155 109 98262673595
140 119 98263455220
127 130 98264236033
113 141 98265016845
101 152 98265797658
87 165 98266578470
74 177 98267359283
62 190 98268140095
50 203 98268921720
39 216 98269702533
29 223 98270483345
22 210 98271264158
15 196 98272044970
10 185 98272826595
6 174 98273607408
