-0.616738 0.145317 0.458444 337.046 0.00837056 -0.0157169 0.0651128
-0.568705 0.145244 0.474643 337.062 3.07578 -0.00470112 1.0373
-0.51111 0.14425 0.489478 337.077 3.68818 -0.063631 0.950026
-0.453552 0.137293 0.499707 337.093 3.68573 -0.445523 0.654982
-0.394741 0.138794 0.510573 337.109 3.76603 0.0961211 0.695817
-0.33557 0.136894 0.517096 337.124 3.78512 -0.121506 0.417269
-0.278394 0.135972 0.519648 337.14 3.66133 -0.0590248 0.163462
-0.220138 0.13398 0.520769 337.156 3.73045 -0.12758 0.0717829
-0.163183 0.137927 0.522343 337.171 3.64717 0.252741 0.100765
-0.105655 0.136446 0.519517 337.187 3.68389 -0.0948562 -0.180957
-0.0506665 0.131011 0.510948 337.202 3.52122 -0.348012 -0.548739
0.00543983 0.132807 0.501651 337.218 3.59282 0.115016 -0.595342
0.0604924 0.132469 0.490784 337.234 3.52168 -0.0216572 -0.695161
0.115462 0.130855 0.477084 337.249 3.52002 -0.1033 -0.877282
0.172129 0.130614 0.460764 337.265 3.62869 -0.0154471 -1.04503
0.227696 0.132333 0.443135 337.281 3.5583 0.110074 -1.1289
0.281182 0.130657 0.420952 337.296 3.42506 -0.107342 -1.42054
0.333612 0.134271 0.399007 337.312 3.35738 0.231459 -1.40526
0.388057 0.129505 0.372061 337.327 3.48645 -0.305191 -1.72551
0.437997 0.129677 0.34233 337.343 3.19795 0.0109974 -1.90384
0.491094 0.12722 0.310722 337.359 3.39657 -0.1572 -2.02197
0.543451 0.129669 0.279189 337.374 3.35274 0.156866 -2.01924
0.592814 0.126881 0.243805 337.39 3.16096 -0.178545 -2.26583
0.644195 0.12628 0.206771 337.405 3.29027 -0.0384964 -2.37148
0.691295 0.123054 0.167377 337.421 3.01603 -0.206612 -2.52267
0.741784 0.124576 0.124902 337.437 3.23314 0.0975006 -2.71991
0.787701 0.123763 0.0829795 337.452 2.94032 -0.0520982 -2.68453
0.836389 0.118756 0.033771 337.468 3.11454 -0.320261 -3.14784
0.872805 0.11907 0.0255166 337.484 2.33191 0.0201126 -0.528575
0.906458 0.1221 0.0679433 337.499 2.15504 0.194049 2.71683
0.930266 0.117547 0.107478 337.515 1.52455 -0.291594 2.53162
0.845329 0.137863 0.503684 337.702 -0.453173 0.108392 2.11392
0.810087 0.140002 0.526725 337.718 -2.25673 0.136997 1.47548
0.776665 0.138524 0.54806 337.733 -2.14021 -0.0946382 1.36621
0.744616 0.141542 0.569679 337.749 -2.05229 0.193275 1.38437
0.711015 0.142732 0.584454 337.765 -2.15168 0.0761833 0.946101
0.678863 0.1431 0.599161 337.78 -2.05671 0.0235697 0.94083
0.647274 0.139099 0.612259 337.796 -2.02285 -0.256214 0.838732
0.613317 0.139889 0.621702 337.812 -2.17446 0.0505571 0.604703
0.580967 0.141514 0.630058 337.827 -2.07158 0.104087 0.535079
0.546122 0.144656 0.635835 337.843 -2.2313 0.201201 0.369935
0.516972 0.141612 0.637629 337.858 -1.86665 -0.194971 0.114903
0.490019 0.142235 0.641008 337.874 -1.72596 0.0399041 0.216323
0.454739 0.140174 0.637595 337.89 -2.25917 -0.131979 -0.218521
0.421621 0.143915 0.634686 337.905 -2.11858 0.2393 -0.186114
0.392502 0.140847 0.628851 337.921 -1.86463 -0.196429 -0.373648
0.359705 0.137354 0.620335 337.937 -2.10021 -0.223672 -0.545294
0.327828 0.139628 0.609687 337.952 -2.04123 0.14564 -0.681904
0.298444 0.139101 0.597553 337.968 -1.88166 -0.0337614 -0.776976
0.26633 0.137854 0.582634 337.983 -2.05647 -0.0798624 -0.955374
0.236375 0.139586 0.566594 337.999 -1.91814 0.11091 -1.02711
0.206397 0.141674 0.547853 338.015 -1.91771 0.133571 -1.19888
0.176038 0.137189 0.525754 338.03 -1.94405 -0.287182 -1.41512
0.144127 0.141551 0.502796 338.046 -2.04342 0.279322 -1.47014
0.115581 0.137372 0.477619 338.061 -1.828 -0.26766 -1.61222
0.0814386 0.137148 0.449644 338.077 -2.18633 -0.0143426 -1.7914
0.0535453 0.140083 0.41897 338.093 -1.78617 0.187968 -1.9642
0.0237887 0.136183 0.387271 338.108 -1.90549 -0.249737 -2.02987
-0.00922277 0.138753 0.354222 338.124 -2.11172 0.164408 -2.11413
-0.0360752 0.138548 0.317738 338.14 -1.71952 -0.0131185 -2.33629
-0.0646225 0.14158 0.279489 338.155 -1.82805 0.194149 -2.44932
-0.0966967 0.138202 0.241482 338.171 -2.0539 -0.216302 -2.43381
-0.125198 0.138485 0.19727 338.186 -1.82512 0.0180989 -2.83113
-0.152588 0.139919 0.155491 338.202 -1.75212 0.0917636 -2.67259
-0.18514 0.137743 0.109439 338.218 -2.08447 -0.139336 -2.94901
-0.213932 0.138165 0.0629114 338.233 -1.84373 0.0270164 -2.97941
-0.240646 0.141184 0.0142555 338.249 -1.71067 0.193308 -3.11572
-0.257504 0.136746 0.0438469 338.265 -1.07951 -0.284191 1.89491
-0.263345 0.139035 0.0851327 338.28 -0.373985 0.14655 2.64377
-0.273213 0.140443 0.125616 338.296 -0.631912 0.0901977 2.59238
-0.282235 0.141101 0.159352 338.311 -0.577132 0.0420956 2.15806
-0.290876 0.141869 0.195731 338.327 -0.553367 0.0491825 2.32955
-0.301031 0.141109 0.226947 338.343 -0.650251 -0.0486687 1.99897
-0.310136 0.139534 0.254816 338.358 -0.583056 -0.100876 1.7846
-0.317751 0.143587 0.282944 338.374 -0.487647 0.259562 1.80123
-0.325561 0.14311 0.307458 338.389 -0.500127 -0.0305763 1.56979
-0.336537 0.142605 0.327379 338.405 -0.702862 -0.0323077 1.27564
-0.346188 0.145429 0.346049 338.421 -0.618016 0.180782 1.19551
-0.355771 0.14374 0.364177 338.436 -0.612976 -0.108037 1.15965
-0.364353 0.145399 0.378256 338.452 -0.549573 0.106231 0.90157
-0.373258 0.147095 0.390894 338.468 -0.570258 0.108627 0.80932
-0.381047 0.145434 0.400366 338.483 -0.498765 -0.106377 0.606531
-0.390291 0.149191 0.407453 338.499 -0.591946 0.240607 0.453787
-0.398889 0.145106 0.411088 338.514 -0.550597 -0.26159 0.232798
-0.407411 0.149921 0.414105 338.53 -0.545727 0.308333 0.193215
-0.416261 0.150226 0.413902 338.546 -0.566102 0.0195047 -0.0130198
-0.426679 0.147019 0.411961 338.561 -0.667124 -0.205349 -0.124294
-0.43465 0.150719 0.407875 338.577 -0.510415 0.236912 -0.261641
-0.44426 0.150752 0.403475 338.592 -0.615376 0.00210429 -0.281746
-0.45179 0.153234 0.393673 338.608 -0.48221 0.158929 -0.627702
-0.462344 0.150942 0.381939 338.624 -0.675859 -0.14674 -0.751355
-0.470308 0.153369 0.369193 338.639 -0.509973 0.155386 -0.816208
-0.480095 0.154449 0.353375 338.655 -0.626699 0.0692039 -1.01297
-0.487532 0.15364 0.335889 338.671 -0.475746 -0.0517511 -1.11853
-0.496595 0.153847 0.315416 338.686 -0.580364 0.0132179 -1.31104
-0.504703 0.15929 0.293885 338.702 -0.519218 0.348549 -1.37872
-0.514538 0.157241 0.269922 338.717 -0.62979 -0.131198 -1.53448
-0.526097 0.156106 0.244316 338.733 -0.740141 -0.0726789 -1.63971
-0.532611 0.157636 0.215802 338.749 -0.417151 0.0979898 -1.82595
-0.542096 0.156937 0.185138 338.764 -0.607407 -0.0447529 -1.96357
-0.550659 0.157368 0.152741 338.78 -0.547769 0.0275408 -2.07243
-0.559757 0.157862 0.116809 338.796 -0.582601 0.0316184 -2.30092
-0.568754 0.160482 0.0805731 338.811 -0.57608 0.167811 -2.32041
-0.577277 0.160202 0.0404038 338.827 -0.545833 -0.0179337 -2.57228
-0.583878 0.162012 0.0129059 338.842 -0.422687 0.115922 -1.76085
-0.58443 0.161679 0.0467145 338.858 -0.0353394 -0.0213657 2.16496
-0.586222 0.162318 0.0817844 338.874 -0.114746 0.0409687 2.24573
-0.585498 0.161191 0.114742 338.889 0.0463397 -0.072167 2.11045
-0.58668 0.16307 0.142894 338.905 -0.0756215 0.120188 1.80087
-0.588312 0.160834 0.168831 338.92 -0.104471 -0.143204 1.66091
-0.588238 0.161818 0.1964 338.936 0.00474244 0.0630124 1.76541
-0.589045 0.162795 0.217642 338.952 -0.051668 0.0625734 1.36027
-0.589844 0.163803 0.238722 338.967 -0.0511514 0.0645254 1.34988
-0.590097 0.161746 0.254907 338.983 -0.0162327 -0.13171 1.03641
-0.590327 0.163686 0.271409 338.999 -0.0147233 0.124249 1.05669
-0.590773 0.163962 0.284632 339.014 -0.028557 0.0176151 0.845916
-0.591896 0.161863 0.29466 339.03 -0.071882 -0.134421 0.642131
-0.593427 0.16372 0.302126 339.045 -0.098042 0.118969 0.478109
-0.595416 0.161553 0.306231 339.061 -0.127379 -0.138799 0.262842
-0.594748 0.163595 0.310831 339.077 0.0428129 0.130797 0.29456
-0.596939 0.163402 0.313666 339.092 -0.140219 -0.0124016 0.181354
-0.597378 0.163369 0.31074 339.108 -0.0280779 -0.00208495 -0.187339
-0.597817 0.163337 0.307812 339.124 -0.0281097 -0.00206834 -0.187546
-0.598696 0.163273 0.301944 339.139 -0.0563147 -0.00408644 -0.375714
-0.599578 0.16321 0.296064 339.155 -0.0564422 -0.00401877 -0.376546
-0.599913 0.164013 0.2859 339.17 -0.0214593 0.0514181 -0.650882
-0.600448 0.167161 0.272921 339.186 -0.0342832 0.201582 -0.831098
-0.601467 0.165953 0.257983 339.202 -0.0651578 -0.0772569 -0.955563
-0.602937 0.164746 0.23996 339.217 -0.0941172 -0.0772971 -1.15417
-0.604414 0.16357 0.221816 339.233 -0.094619 -0.0753029 -1.16181
-0.605106 0.165611 0.199331 339.248 -0.0443171 0.130662 -1.43985
-0.605827 0.163687 0.176236 339.264 -0.0461747 -0.123164 -1.47894
-0.606987 0.165528 0.151839 339.28 -0.074229 0.117887 -1.56229
-0.607156 0.164639 0.123808 339.295 -0.0108227 -0.0569725 -1.79499
-0.608799 0.166728 0.0941598 339.311 -0.105211 0.133781 -1.89854
-0.609667 0.167882 0.0609416 339.327 -0.0555237 0.0738499 -2.12494
-0.608017 0.167292 0.0255911 339.342 0.105616 -0.0377808 -2.2637
-0.609757 0.168212 0.0223757 339.358 -0.111399 0.0588951 -0.205902
-0.6106 0.167875 0.0545148 339.373 -0.0540199 -0.0215992 2.05806
-0.611678 0.165563 0.0844846 339.389 -0.0689883 -0.148045 1.91914
-0.611728 0.16441 0.111127 339.405 -0.00319006 -0.073793 1.70608
-0.612458 0.165259 0.133041 339.42 -0.0467867 0.0543201 1.40325
-0.614174 0.169118 0.156591 339.436 -0.109861 0.24716 1.50808
-0.617056 0.166826 0.17318 339.452 -0.18439 -0.146639 1.06116
-0.615522 0.167944 0.191653 339.467 0.098231 0.0716143 1.18296
-0.615917 0.167831 0.206817 339.483 -0.0252724 -0.00723275 0.971061
-0.618226 0.166756 0.21719 339.498 -0.147859 -0.0688979 0.664199
-0.61761 0.167889 0.22934 339.514 0.0394186 0.0725583 0.77802
-0.617452 0.169015 0.238429 339.53 0.0101457 0.0721004 0.582085
-0.618211 0.169753 0.243005 339.545 -0.0485989 0.0473091 0.293019
-0.62042 0.16956 0.245912 339.561 -0.141292 -0.0123633 0.185949
-0.620205 0.167603 0.247201 339.576 0.0137738 -0.125313 0.0825547
-0.621843 0.172575 0.244673 339.592 -0.104894 0.318345 -0.161888
-0.622086 0.170595 0.242959 339.608 -0.0156133 -0.126746 -0.109768
-0.623005 0.170546 0.236944 339.623 -0.0588067 -0.00315687 -0.385162
-0.623389 0.171379 0.22655 339.639 -0.0246291 0.0533145 -0.665642
-0.623802 0.168295 0.21569 339.655 -0.0264004 -0.197449 -0.695403
-0.625653 0.16822 0.203525 339.67 -0.11855 -0.00477976 -0.778971
-0.626729 0.171319 0.187067 339.686 -0.0688286 0.198206 -1.05285
-0.626829 0.171149 0.170267 339.701 -0.00642882 -0.0108587 -1.07576
-0.625697 0.170263 0.151745 339.717 0.0724973 -0.0567311 -1.18607
-0.627506 0.171371 0.130058 339.733 -0.115842 0.0709507 -1.3888
-0.628551 0.171292 0.106599 339.748 -0.0669089 -0.00508386 -1.50217
-0.62837 0.170615 0.07966 339.764 0.0115822 -0.043348 -1.72508
-0.628631 0.173716 0.0513076 339.779 -0.0166852 0.1986 -1.81557
-0.630131 0.172586 0.0511593 339.826 -0.0320107 -0.0241314 -0.00316565
-0.630316 0.173383 0.0767532 339.842 -0.0118375 0.051087 1.63893
-0.632237 0.171085 0.10017 339.858 -0.123021 -0.147198 1.49954
-0.633109 0.173879 0.120828 339.873 -0.0558296 0.178926 1.32283
-0.634724 0.170808 0.136007 339.889 -0.103408 -0.196645 0.971973
-0.633088 0.175803 0.15517 339.904 0.104706 0.319833 1.22713
-0.636641 0.17154 0.166924 339.92 -0.227264 -0.272699 0.751914
-0.635223 0.171582 0.176179 339.936 0.0907946 0.00271028 0.592621
-0.636258 0.173685 0.185496 339.951 -0.0662881 0.134643 0.596676
-0.635566 0.171757 0.189883 339.967 0.0443179 -0.123416 0.280929
-0.634625 0.171795 0.196005 339.983 0.0602543 0.00241386 0.39198
-0.637066 0.173553 0.197648 339.998 -0.156278 0.112579 0.105196
-0.638286 0.174592 0.197696 340.014 -0.0781017 0.0665146 0.00312282
-0.636066 0.174777 0.194738 340.029 0.142003 0.0118459 -0.189272
-0.636789 0.172792 0.189932 340.045 -0.0462913 -0.12711 -0.307722
-0.644787 0.167355 0.214889 340.061 -0.512194 -0.34814 1.59813
