1.07074 0.0815846 0.207223 337.591 1.82302 -0.0693286 1.70842 337083
1.07043 0.0948259 0.199585 337.585 1.83935 -0.0534537 1.74978 337099
1.07009 0.114666 0.192444 337.579 1.85244 -0.0300099 1.79243 337115
1.0701 0.124376 0.192667 337.579 1.85421 -0.0148831 1.78828 337129
1.07058 0.13793 0.180328 337.576 1.85407 0.00340994 1.86472 337145
1.0702 0.120694 0.184964 337.576 1.85528 -0.0242748 1.84244 337161
1.07062 0.116276 0.201323 337.581 1.85734 -0.0305184 1.74219 337177
1.07051 0.103558 0.215886 337.584 1.86173 -0.0485338 1.64723 337192
1.07021 0.113217 0.216864 337.585 1.86111 -0.0327003 1.63763 337207
1.07022 0.127324 0.201593 337.578 1.87824 -0.00928429 1.73381 337223
1.07085 0.126224 0.193908 337.573 1.89315 -0.00953255 1.78037 337239
1.07092 0.127639 0.193497 337.572 1.90162 -0.00737035 1.7885 337255
1.07082 0.14176 0.199453 337.575 1.89195 0.0238494 1.7535 337270
1.07029 0.132163 0.20823 337.578 1.88526 -0.00097897 1.71053 337286
1.07048 0.122939 0.223208 337.583 1.87108 -0.0229269 1.64018 337301
1.07054 0.116341 0.22666 337.583 1.87689 -0.041053 1.63691 337317
1.07094 0.114489 0.22866 337.583 1.88887 -0.0415273 1.63188 337333
1.07039 0.12282 0.228743 337.584 1.87799 -0.0191711 1.62036 337348
1.07015 0.120846 0.222178 337.581 1.89 -0.0262256 1.64978 337364
1.07035 0.116783 0.228859 337.585 1.86216 -0.0435561 1.612 337380
1.07058 0.113134 0.235105 337.586 1.85915 -0.05262 1.60624 337395
1.07076 0.118132 0.235915 337.588 1.84773 -0.0301076 1.58892 337411
1.07041 0.114289 0.241627 337.589 1.84179 -0.054925 1.60652 337427
1.07085 0.114316 0.201627 337.593 1.7579 -0.0529608 1.22104 337442
