4 92 98518822345
21 87 98519603158
42 83 98520383970
62 81 98521164783
84 78 98521945595
106 77 98522727220
127 77 98523508033
149 78 98524288845
171 78 98525069658
192 80 98525850470
213 85 98526631283
234 89 98527412095
255 94 98528193720
275 100 98528974533
297 107 98529755345
318 114 98530536158
338 123 98531316970
357 131 98532097783
377 142 98532878595
395 153 98533659408
414 165 98534441033
433 176 98535221845
450 189 98536002658
468 202 98536783470
484 216 98537564283
501 230 98538345095
516 244 98539125908
531 261 98539907533
544 264 98540688345
558 251 98541469158
572 239 98542249970
584 227 98543030783
598 216 98543812408
611 207 98544593220
624 197 98545374033
634 189 98546154845
625 174 98546935658
614 161 98547716470
602 148 98548497283
591 136 98549278908
579 124 98550059720
567 113 98550840533
556 103 98551621345
543 94 98552402158
531 86 98553182970
520 77 98553963783
507 71 98554744595
495 65 98555526220
484 60 98556307033
470 56 98557087845
458 52 98557868658
443 49 98558649470
433 48 98559430283
424 46 98560211095
409 47 98560991908
395 47 98561773533
384 49 98562554345
371 52 98563335158
358 55 98564115970
347 59 98564896783
334 64 98565677595
322 69 98566458408
311 75 98567240033
299 83 98568020845
287 90 98568801658
276 99 98569582470
262 108 98570363283
253 118 98571144095
242 129 98571924908
229 139 98572706533
220 151 98573487345
211 163 98574268158
198 175 98575048970
189 189 98575829783
181 202 98576611408
169 216 98577392220
160 230 98578173033
152 244 98578953845
144 235 98579734658
142 222 98580515470
138 209 98581296283
134 198 98582077908
130 186 98582858720
126 176 98583639533
122 167 98584420345
119 157 98585201158
116 149 98585981970
111 142 98586762783
107 135 98587543595
103 129 98588325220
100 124 98589106033
96 119 98589886845
93 116 98590667658
90 113 98591448470
86 112 98592229283
83 110 98593010095
80 110 98593791720
76 111 98594572533
74 112 98595353345
70 113 98596134158
68 116 98596914970
64 120 98597695783
62 124 98598476595
59 129 98599257408
57 135 98600039033
55 142 98600819845
53 148 98601600658
50 156 98602381470
46 164 98603162283
45 173 98603943095
43 183 98604723908
41 193 98605505533
39 204 98606286345
38 215 98607067158
36 227 98607847970
35 235 98608628783
34 225 98609409595
32 214 98610190408
31 204 98610971220
30 195 98611752845
28 187 98612533658
27 178 98613314470
26 171 98614095283
25 164 98614876095
24 159 98615656908
23 153 98616437720
23 149 98617219345
22 146 98618000158
21 143 98618780970
20 142 98619561783
20 140 98620342595
19 139 98621124220
19 140 98621905033
19 141 98622685845
19 143 98623466658
19 145 98624247470
19 148 98625028283
20 152 98625809095
20 157 98626590720
20 163 98627371533
20 169 98628152345
21 176 98628933158
22 184 98629713970
22 191 98630494783
23 200 98631275595
24 209 98632056408
25 219 98632838033
27 230 98633618845
27 231 98634399658
25 221 98635180470
23 212 98635961283
22 204 98636742095
21 197 98637522908
20 189 98638303720
18 184 98639085345
18 178 98639866158
17 173 98640646970
16 170 98641427783
16 166 98642208595
16 163 98642989408
15 161 98643770220
14 160 98644551845
14 160 98645332658
14 160 98646113470
14 161 98646894283
14 163 98647675095
14 166 98648455908
14 170 98649236720
14 174 98650017533
15 179 98650799158
15 184 98651579970
16 190 98652360783
17 197 98653141595
17 204 98653922408
19 213 98654703220
20 221 98655484033
21 229 98657046470
19 221 98657827283
18 213 98658608095
16 206 98659388908
15 199 98660169720
14 195 98660950533
14 188 98661731345
12 185 98662512970
12 182 98663293783
12 179 98664074595
12 178 98664855408
12 176 98665636220
11 175 98666417033
11 175 98667197845
12 176 98667979470
12 178 98668760283
8 171 98669541095
