650 143 98519261589
631 137 98520042402
608 131 98520823214
583 126 98521604027
559 122 98522384839
534 119 98523166464
509 118 98523947277
484 117 98524728089
460 117 98525508902
434 118 98526289714
410 120 98527070527
385 124 98527851339
361 128 98528632964
336 133 98529413777
312 139 98530194589
288 146 98530975402
265 154 98531756214
242 163 98532537027
219 172 98533317839
198 183 98534098652
176 194 98534880277
155 206 98535661089
135 218 98536441902
115 231 98537222714
97 244 98538003527
78 259 98538784339
61 273 98539565152
43 288 98540345964
29 291 98541127589
13 278 98541908402
5 265 98542689214
5 133 98551278964
14 123 98552060589
28 114 98552841402
42 105 98553622214
56 97 98554403027
70 91 98555183839
84 85 98555965464
99 79 98556746277
113 75 98557527089
128 72 98558307902
142 70 98559088714
157 69 98559869527
171 68 98560650339
186 69 98561431152
200 71 98562212777
214 73 98562993589
229 76 98563774402
243 81 98564555214
257 86 98565336027
271 92 98566116839
284 99 98566897652
298 107 98567679277
311 115 98568460089
325 125 98569240902
337 134 98570021714
350 145 98570802527
363 157 98571583339
375 168 98572364152
387 181 98573145777
398 194 98573926589
410 208 98574707402
420 221 98575488214
431 236 98576269027
442 250 98577050652
452 265 98577831464
462 280 98578612277
471 296 98579393089
477 286 98580173902
482 273 98580954714
488 260 98581735527
493 249 98582517152
498 237 98583297964
504 226 98584078777
509 216 98584859589
514 207 98585640402
519 198 98586421214
524 191 98587202027
529 185 98587982839
534 178 98588764464
539 173 98589545277
543 169 98590326089
547 165 98591106902
552 163 98591887714
555 161 98592668527
559 161 98593449339
563 161 98594230964
567 161 98595011777
571 163 98595792589
574 165 98596573402
577 169 98597354214
580 173 98598135027
583 178 98598915839
586 184 98599696652
588 190 98600478277
591 197 98601259089
593 206 98602039902
595 214 98602820714
597 223 98603601527
598 233 98604382339
600 243 98605163152
601 254 98605944777
602 266 98606725589
604 278 98607506402
604 291 98608287214
605 300 98609068027
608 289 98609848839
611 278 98610629652
613 267 98611410464
616 258 98612192089
618 249 98612972902
620 240 98613753714
622 233 98614534527
624 226 98615315339
625 220 98616096152
626 215 98616876964
628 210 98617658589
629 206 98618439402
630 204 98619220214
631 202 98620001027
631 201 98620781839
632 200 98621563464
632 201 98622344277
632 202 98623125089
632 204 98623905902
632 206 98624686714
631 210 98625467527
631 215 98626248339
630 220 98627029964
629 226 98627810777
628 232 98628591589
627 240 98629372402
626 247 98630153214
624 256 98630934027
622 265 98631714839
621 275 98632495652
619 286 98633277277
616 297 98634058089
617 298 98634838902
619 288 98635619714
621 278 98636400527
623 269 98637181339
625 262 98637962152
628 255 98638742964
630 249 98639524589
631 243 98640305402
632 238 98641085402
634 234 98641867027
635 230 98642647839
636 227 98643428652
636 226 98644209464
637 225 98644990277
637 224 98645771902
638 226 98646552714
638 226 98647333527
638 228 98648114339
637 232 98648895152
636 235 98649675964
636 239 98650456777
636 245 98651238402
634 251 98652019214
632 257 98652800027
632 264 98653580839
630 272 98654361652
629 280 98655142464
627 290 98655923277
624 299 98656704902
625 298 98657485714
627 290 98658266527
629 282 98659047339
631 274 98659828152
633 268 98660608964
635 262 98661389777
636 257 98662170589
638 252 98662952214
638 249 98663733027
640 246 98664513839
640 244 98665294652
640 242 98666075464
641 242 98666856277
642 242 98667637089
641 243 98668418714
641 244 98669199527
646 234 98669980339
650 220 98670761152
