-0.568382 0.0843067 0.362501 353.835 0.00554673 -0.00602902 0.0107161
-0.511843 0.0818584 0.360935 353.851 3.62051 -0.156776 -0.100284
-0.454864 0.0782815 0.353611 353.867 3.64492 -0.228815 -0.468524
-0.399047 0.0757298 0.346315 353.882 3.57429 -0.163398 -0.467223
-0.342246 0.0721303 0.336104 353.898 3.64107 -0.23074 -0.654516
-0.288064 0.0706907 0.324508 353.914 3.46604 -0.0920899 -0.741818
-0.231379 0.0695442 0.310068 353.929 3.62986 -0.0734152 -0.924649
-0.175991 0.066779 0.291059 353.945 3.54677 -0.177075 -1.21729
-0.121663 0.0630919 0.271853 353.96 3.47894 -0.236103 -1.22987
-0.065913 0.0626051 0.248353 353.976 3.57003 -0.0311733 -1.50484
-0.0123994 0.059402 0.222947 353.992 3.42679 -0.205111 -1.62688
0.0400873 0.0555335 0.194246 354.007 3.36103 -0.247722 -1.83791
0.0931664 0.0526034 0.165367 354.023 3.39897 -0.187632 -1.84926
0.14657 0.0513376 0.134772 354.038 3.41973 -0.0810578 -1.95923
0.199273 0.0478449 0.0990477 354.054 3.37492 -0.223658 -2.28761
0.251208 0.0441775 0.0628496 354.07 3.32567 -0.234843 -2.31798
0.301157 0.0456294 0.0232778 354.085 3.19855 0.092974 -2.53401
0.343906 0.0426106 0.0277318 354.101 2.73748 -0.193313 0.28521
0.380005 0.0398554 0.0636205 354.117 2.3092 -0.176246 2.29578
0.415842 0.0395677 0.094516 354.132 2.29727 -0.0184432 1.98048
0.453972 0.0368574 0.12344 354.148 2.44166 -0.173562 1.8522
0.486402 0.0366743 0.150443 354.163 2.07455 -0.011709 1.72736
0.523921 0.0363694 0.174327 354.179 2.40258 -0.0195275 1.52939
0.559888 0.0336587 0.196287 354.195 2.30312 -0.173577 1.40624
0.594479 0.0336247 0.213683 354.21 2.21508 -0.00218 1.11394
0.628909 0.0329632 0.230954 354.226 2.20475 -0.0423566 1.10597
0.663264 0.0296506 0.246491 354.241 2.19998 -0.212128 0.994955
0.699239 0.0289884 0.254799 354.257 2.30366 -0.0424023 0.53197
0.732336 0.0307686 0.264579 354.273 2.11939 0.113996 0.626292
0.765807 0.0298795 0.269832 354.288 2.14336 -0.0569367 0.336398
0.800706 0.0258861 0.273525 354.304 2.23483 -0.255722 0.236449
0.830646 0.0277777 0.274435 354.32 1.91719 0.121133 0.0582814
0.866139 0.0234994 0.272334 354.335 2.27287 -0.273969 -0.134505
0.897956 0.0221735 0.268809 354.351 2.03737 -0.0849 -0.225715
0.922994 0.0160235 0.262119 354.366 1.60338 -0.393821 -0.428452
0.879052 0.0106097 0.280701 354.491 -0.351736 -0.0433347 0.14874
0.822749 0.0118789 0.300771 354.507 -3.60168 0.0811844 1.28391
0.769988 0.0116407 0.315091 354.523 -3.37858 -0.0152512 0.916988
0.713935 0.0118762 0.326419 354.538 -3.58942 0.015082 0.725365
0.660511 0.0121937 0.337789 354.554 -3.42102 0.0203307 0.728064
0.607364 0.0132202 0.346301 354.569 -3.40333 0.0657319 0.54513
0.553389 0.0128235 0.351953 354.585 -3.45629 -0.0254036 0.361913
0.498357 0.0104128 0.353198 354.601 -3.52404 -0.154366 0.0797243
0.44441 0.00767217 0.357302 354.616 -3.45455 -0.175502 0.262774
0.393074 0.00748662 0.357366 354.632 -3.28732 -0.0118819 0.00414182
0.339222 0.00965004 0.353239 354.648 -3.44488 0.138393 -0.264031
0.28908 0.00938583 0.347686 354.663 -3.21425 -0.0169364 -0.355967
0.236197 0.00595128 0.340455 354.679 -3.38639 -0.219934 -0.463031
0.184417 0.00598466 0.329136 354.694 -3.31235 0.0021352 -0.724057
0.133451 0.00795527 0.319265 354.71 -3.26361 0.12619 -0.632107
0.079675 0.00437302 0.306138 354.726 -3.44362 -0.229393 -0.840608
0.0305848 0.00730769 0.29047 354.741 -3.14353 0.187924 -1.00331
-0.0215573 0.00652662 0.272957 354.757 -3.33897 -0.0500162 -1.12147
-0.0690052 0.00738712 0.252587 354.772 -3.03837 0.0551029 -1.30442
-0.118288 0.00529646 0.230356 354.788 -3.15585 -0.133877 -1.42357
-0.168197 0.00584223 0.206517 354.804 -3.19599 0.034949 -1.52654
-0.218938 0.00499974 0.179299 354.819 -3.24926 -0.0539497 -1.74295
-0.267533 0.00597482 0.151945 354.835 -3.11179 0.0624398 -1.75161
-0.315679 0.0063717 0.121162 354.851 -3.0831 0.0254149 -1.97121
-0.36425 0.00467461 0.0914642 354.866 -3.11026 -0.108674 -1.90173
-0.410905 0.00546724 0.0600025 354.882 -2.9876 0.0507563 -2.01468
-0.457509 0.00746783 0.0217841 354.897 -2.98432 0.128109 -2.44735
-0.491695 0.00909957 0.0223449 354.913 -2.18915 0.10449 0.0359071
-0.520418 0.00913663 0.0550435 354.929 -1.8393 0.00237336 2.09388
-0.547859 0.0102291 0.0843306 354.944 -1.75717 0.0699593 1.87543
-0.572505 0.00943899 0.111769 354.96 -1.57825 -0.0505978 1.75704
-0.598692 0.00978146 0.135871 354.975 -1.67686 0.0219303 1.54337
-0.618166 0.0161106 0.157249 354.991 -1.24579 0.404873 1.36753
