1.03071 0.0132881 0.241497 354.414 2.07917 -0.0861393 -0.864934 354121
1.03072 0.0215856 0.239022 354.412 2.09069 -0.0575589 -0.863239 354137
1.03042 0.0179971 0.244417 354.411 2.1021 -0.0722471 -0.834511 354152
1.03091 0.0221626 0.240008 354.412 2.09491 -0.0560297 -0.860329 354168
1.03028 0.0209251 0.241154 354.409 2.11552 -0.060489 -0.83696 354184
1.03026 0.015806 0.242385 354.413 2.08064 -0.0845705 -0.849453 354199
1.03101 0.0169226 0.238129 354.412 2.09107 -0.0801237 -0.871576 354215
1.03005 0.0198702 0.239601 354.411 2.09459 -0.0586347 -0.860263 354230
1.03039 0.024522 0.233387 354.412 2.08659 -0.0307297 -0.898135 354246
1.03072 0.0245707 0.230538 354.412 2.08873 -0.040606 -0.913856 354262
1.03045 0.0232494 0.230932 354.415 2.03636 -0.0449102 -0.923347 354277
1.0304 0.0161202 0.228546 354.414 2.05413 -0.102818 -0.939622 354293
1.03095 0.0152414 0.228314 354.415 2.0473 -0.110512 -0.941805 354309
1.03027 0.0115753 0.223928 354.419 1.94594 -0.158037 -0.985265 354324
