639 166 99357939527
615 166 99358720339
592 166 99359501152
568 168 99360282777
545 170 99361063589
521 173 99361843589
498 177 99362624402
474 182 99363406027
451 188 99364186839
428 194 99364967652
405 202 99365748464
383 210 99366529277
361 219 99367310089
340 228 99368090902
318 238 99368871714
297 249 99369652527
276 260 99370433339
257 273 99371214152
241 271 99371994964
226 259 99372775777
212 249 99373556589
197 239 99374337402
183 230 99375119027
168 222 99375899839
153 214 99376679839
138 208 99377461464
124 202 99378242277
110 196 99379023089
95 193 99379803902
81 190 99380584714
67 188 99381365527
53 186 99382146339
40 186 99382927152
26 186 99383707964
13 187 99384488777
6 189 99385269589
3 187 99390735277
20 180 99391516089
42 173 99392296902
64 168 99393078527
87 164 99393859339
109 160 99394640152
130 157 99395420964
153 155 99396201777
175 154 99396982589
197 152 99397763402
218 152 99398544214
240 154 99399325027
261 156 99400105839
282 158 99400886652
304 162 99401667464
324 166 99402449089
345 170 99403229089
365 176 99404009902
385 182 99404791527
404 189 99405572339
423 196 99406353152
442 204 99407133964
460 213 99407914777
478 222 99408695589
495 232 99409476402
512 241 99410257214
528 251 99411038027
544 263 99411818839
557 263 99412599652
569 253 99413380464
581 244 99414161277
592 235 99414942089
604 227 99415722902
616 220 99416503714
627 214 99417285339
638 209 99418065339
646 205 99418846152
651 201 99419627777
41 137 99421189402
34 137 99421970214
27 137 99422751027
18 137 99423531839
10 137 99424312652
6 137 99425093464
