3 133 99357501095
19 135 99358281095
40 137 99359061908
61 141 99359843533
82 145 99360624345
103 150 99361404345
123 155 99362185970
144 161 99362966783
165 169 99363747595
185 177 99364528408
206 186 99365309220
226 196 99366090033
245 207 99366870845
265 218 99367651658
284 229 99368432470
303 242 99369213283
321 255 99369994095
339 268 99370774908
355 268 99371555720
368 258 99372337345
382 249 99373117345
397 241 99373898158
409 233 99374679783
424 226 99375460595
438 220 99376241408
451 215 99377022220
465 210 99377803033
479 206 99378583845
493 204 99379364658
506 201 99380145470
519 200 99380926283
533 200 99381707095
544 200 99382487908
558 202 99383268720
570 204 99384049533
582 207 99384830345
594 210 99385611158
606 215 99386391970
616 220 99387172783
628 226 99387953595
624 225 99388734408
605 216 99389516033
586 207 99390296845
563 202 99391076845
542 194 99391858470
523 188 99392639283
502 183 99393420095
482 178 99394200908
461 174 99394981720
441 171 99395762533
419 170 99396543345
398 168 99397324158
378 167 99398104970
357 167 99398886595
338 168 99399666595
317 170 99400447408
298 173 99401229033
278 175 99402009845
257 179 99402790658
239 183 99403571470
219 188 99404352283
202 194 99405133095
184 201 99405913908
166 208 99406694720
147 216 99407475533
130 224 99408256345
113 233 99409037158
96 242 99409817970
80 251 99410598783
65 262 99411379595
53 261 99412160408
41 250 99412941220
30 240 99413722033
20 231 99414502845
10 223 99415283658
5 216 99416065283
