-0.420372 -0.0382334 0.503672 367 0.0164702 -0.00452519 0.0288464
-0.344897 -0.0349225 0.497439 367.016 4.83307 0.212011 -0.39914
-0.26097 -0.0318525 0.487361 367.032 5.36879 0.196387 -0.644656
-0.18443 -0.0292442 0.477078 367.047 4.90641 0.167202 -0.659182
-0.105642 -0.0282775 0.46131 367.063 5.04522 0.0619015 -1.00967
-0.030451 -0.0253507 0.44408 367.078 4.80994 0.187226 -1.10219
0.0475463 -0.0231719 0.422696 367.094 4.99462 0.13952 -1.36936
0.124749 -0.0180483 0.402664 367.11 4.9489 0.328439 -1.28414
0.198578 -0.0139574 0.379583 367.125 4.72768 0.261963 -1.47798
0.275525 -0.0158008 0.350517 367.141 4.92229 -0.11792 -1.85936
0.34807 -0.0122391 0.321291 367.157 4.64547 0.228075 -1.87152
0.422626 -0.00892371 0.288929 367.172 4.7792 0.212524 -2.07447
0.491611 -0.00624747 0.256053 367.188 4.41751 0.171376 -2.10522
0.56428 -0.0039123 0.216984 367.203 4.64863 0.149379 -2.49922
0.632756 -0.00629731 0.177034 367.219 4.38491 -0.152726 -2.55824
0.700764 -0.0040556 0.136739 367.235 4.35944 0.143699 -2.58303
0.76851 -0.000129239 0.0944277 367.25 4.3382 0.251428 -2.70943
0.834892 3.6208e-007 0.0497671 367.266 4.2464 0.00829048 -2.8569
0.895622 0.00222223 0.0138158 367.281 3.89294 0.142427 -2.30457
0.936445 -0.00145635 0.0530529 367.297 2.61414 -0.235561 2.51258
0.875033 0.0242749 0.494533 367.469 -0.357505 0.149793 2.57005
0.842953 0.0270802 0.528168 367.484 -2.05425 0.17964 2.15382
0.806843 0.0330932 0.558931 367.5 -2.31237 0.385046 1.96994
0.773699 0.0366886 0.58801 367.516 -2.12238 0.230232 1.86211
0.740157 0.0382163 0.61283 367.531 -2.14789 0.0978288 1.58937
0.707041 0.0380564 0.637404 367.547 -2.12062 -0.0102389 1.57359
0.6733 0.0412227 0.65815 367.563 -2.16066 0.202756 1.32849
0.637708 0.0441255 0.676219 367.578 -2.27913 0.185885 1.1571
0.604658 0.0471462 0.694231 367.594 -2.11642 0.193432 1.15339
0.583493 0.0968567 0.692785 367.609 -1.35528 3.18326 -0.0926124
0.560842 0.139572 0.693888 367.625 -1.4505 2.73532 0.0706855
0.544767 0.194532 0.686747 367.641 -1.02936 3.51942 -0.457324
0.517514 0.216399 0.689409 367.656 -1.74515 1.40023 0.170513
0.496996 0.24414 0.688011 367.672 -1.31389 1.77644 -0.0895685
0.469705 0.255331 0.688773 367.687 -1.74765 0.716591 0.0488276
0.438498 0.23584 0.695068 367.703 -1.99832 -1.24806 0.403097
0.351786 0.0649789 0.741785 367.719 -5.55269 -10.9413 2.99156
0.316171 0.0614651 0.738606 367.734 -2.28063 -0.225011 -0.2036
0.284829 0.0613925 0.734424 367.75 -2.00704 -0.0046467 -0.267798
0.251064 0.063855 0.726677 367.766 -2.16213 0.15769 -0.496078
0.22081 0.0634002 0.715137 367.781 -1.9394 -0.0291535 -0.73974
0.190336 0.0661768 0.702474 367.797 -1.9494 0.177613 -0.810005
0.159568 0.0647643 0.688244 367.812 -1.97024 -0.0904513 -0.911279
0.128639 0.0672386 0.670398 367.828 -1.98266 0.158609 -1.14393
0.096198 0.0659782 0.650896 367.844 -2.07737 -0.0807116 -1.24885
0.0657975 0.0679613 0.630178 367.859 -1.9447 0.126863 -1.32529
0.0350289 0.069823 0.606686 367.875 -1.97235 0.119337 -1.50591
0.00520112 0.0697791 0.581552 367.89 -1.91005 -0.00280906 -1.60949
-0.0252976 0.070905 0.552262 367.906 -1.95301 0.0720977 -1.87562
-0.0560481 0.0737654 0.522701 367.922 -1.96913 0.183169 -1.89297
-0.0861652 0.0743177 0.492635 367.937 -1.92858 0.0353675 -1.92526
-0.11675 0.0739293 0.458013 367.953 -1.95854 -0.024876 -2.21704
-0.146612 0.0822515 0.422104 367.969 -1.91219 0.532923 -2.29947
-0.176984 0.0789043 0.384848 367.984 -1.94492 -0.214343 -2.38572
-0.206728 0.0816077 0.344601 368 -1.90473 0.173116 -2.57724
-0.234521 0.082845 0.30365 368.015 -1.77971 0.0792276 -2.62232
-0.266732 0.0824715 0.260306 368.031 -2.06266 -0.0239133 -2.77558
-0.294381 0.0849353 0.215049 368.047 -1.77051 0.15777 -2.89812
-0.325175 0.0868754 0.167315 368.062 -1.97194 0.124239 -3.05665
-0.354006 0.0874131 0.118655 368.078 -1.84624 0.0344285 -3.11602
-0.382279 0.0895105 0.0676349 368.093 -1.81047 0.13431 -3.26709
-0.412216 0.090401 0.0170877 368.109 -1.91701 0.0570254 -3.23683
-0.424241 0.0924899 0.0441931 368.125 -0.770038 0.133762 1.73572
-0.432717 0.093433 0.0884513 368.14 -0.542776 0.0603909 2.83412
-0.439787 0.0936139 0.132008 368.156 -0.452743 0.0115872 2.78917
-0.447109 0.0938455 0.171829 368.172 -0.4689 0.0148287 2.55001
-0.45328 0.0952307 0.208181 368.187 -0.395126 0.0887039 2.32779
-0.461837 0.0986792 0.245636 368.203 -0.547989 0.220826 2.39851
-0.466765 0.0971358 0.27937 368.218 -0.315549 -0.0988296 2.16014
-0.474806 0.0975486 0.308396 368.234 -0.514901 0.0264312 1.85872
-0.481373 0.0992357 0.337237 368.25 -0.420567 0.108033 1.84686
-0.488239 0.100986 0.362921 368.265 -0.439637 0.112073 1.64473
-0.494211 0.101679 0.385494 368.281 -0.382401 0.0444199 1.44544
-0.500507 0.102369 0.405067 368.296 -0.403216 0.0441227 1.25338
-0.506758 0.103076 0.424499 368.312 -0.400237 0.0453223 1.24438
-0.513536 0.105851 0.439796 368.328 -0.43408 0.177663 0.979547
-0.519472 0.103242 0.451869 368.343 -0.38007 -0.167048 0.773106
-0.525197 0.107401 0.464387 368.359 -0.366628 0.26634 0.801574
-0.531862 0.108885 0.471197 368.375 -0.427245 0.0950853 0.436523
-0.53714 0.107661 0.477782 368.39 -0.337608 -0.0782619 0.421271
-0.5428 0.110543 0.481952 368.406 -0.362499 0.184519 0.266986
-0.54982 0.111959 0.485992 368.421 -0.449991 0.0908121 0.258972
-0.556262 0.110691 0.484362 368.437 -0.412531 -0.0812499 -0.104338
-0.561945 0.112237 0.480278 368.453 -0.363535 0.0989352 -0.261265
-0.567639 0.113776 0.476187 368.468 -0.364942 0.0986588 -0.262247
-0.573753 0.115285 0.469342 368.484 -0.391548 0.0966079 -0.438315
-0.580301 0.116769 0.45972 368.499 -0.419284 0.0950245 -0.616141
-0.585703 0.117684 0.448634 368.515 -0.34558 0.0585176 -0.709195
-0.591973 0.122543 0.432266 368.531 -0.401918 0.311492 -1.04918
-0.596466 0.120238 0.419433 368.546 -0.287725 -0.147591 -0.821834
-0.601841 0.121889 0.401237 368.562 -0.344187 0.10571 -1.16515
-0.606289 0.124911 0.380198 368.578 -0.284811 0.193527 -1.34727
-0.612625 0.126532 0.355979 368.593 -0.405768 0.103804 -1.55086
-0.616402 0.128368 0.331616 368.609 -0.241846 0.117542 -1.56013
-0.623068 0.131983 0.305649 368.624 -0.426865 0.231505 -1.66279
-0.630508 0.129705 0.274444 368.64 -0.476413 -0.145845 -1.99827
-0.636561 0.132266 0.244855 368.656 -0.38765 0.163955 -1.89476
-0.643194 0.131335 0.210029 368.671 -0.424751 -0.059608 -2.23008
-0.648649 0.137153 0.175418 368.687 -0.349261 0.372567 -2.21635
-0.654674 0.139096 0.136872 368.702 -0.385818 0.124424 -2.46833
-0.660763 0.136952 0.0989842 368.718 -0.389914 -0.137261 -2.4262
-0.666189 0.138039 0.0560835 368.734 -0.347453 0.0696118 -2.74718
-0.673973 0.139045 0.0156637 368.749 -0.498478 0.0643708 -2.58832
-0.672988 0.140883 0.0384732 368.765 0.0630658 0.117718 1.46063
