1.17087 0.00748125 0.199687 367.386 2.52615 0.0696375 1.53665 367051
1.171 0.016894 0.196151 367.382 2.55601 0.0911055 1.56295 367067
1.17092 0.0303676 0.189768 367.38 2.55685 0.120352 1.59724 367083
1.1709 0.0208855 0.184712 367.376 2.58297 0.0958611 1.64224 367098
1.17011 0.015775 0.191228 367.378 2.57892 0.0827207 1.61436 367113
1.17006 0.00965482 0.200962 367.379 2.59268 0.069466 1.58252 367129
1.17048 0.0122879 0.205374 367.38 2.58477 0.078618 1.56013 367144
1.17102 0.0219753 0.210232 367.383 2.57478 0.106304 1.5463 367160
1.17107 0.01027 0.219208 367.384 2.57385 0.0611803 1.53318 367176
1.17036 0.00334086 0.225562 367.386 2.55849 0.0355231 1.51167 367191
1.17023 0.00417131 0.225669 367.386 2.56374 0.0449314 1.5131 367207
1.17107 0.00587887 0.225103 367.388 2.54371 0.0525618 1.48005 367223
1.17123 0.0117625 0.212238 367.389 2.50314 0.0800221 1.38352 367238
