648 89 100014623152
618 88 100015403964
586 89 100016184777
552 91 100016965589
521 94 100017746402
487 98 100018527214
456 102 100019308027
423 108 100020088839
391 115 100020869652
359 123 100021650464
328 131 100022431277
298 140 100023212089
266 150 100023992902
237 161 100024773714
207 173 100025554527
180 185 100026335339
152 199 100027116152
125 212 100027896964
99 226 100028677777
74 241 100029458589
51 256 100030239402
28 268 100031020214
11 255 100031801027
2 117 100039609152
11 104 100040389152
22 91 100041170777
36 80 100041951589
49 69 100042732402
62 59 100043512402
76 49 100044294027
90 41 100045074839
105 34 100045855652
119 27 100046635652
123 36 100047417277
128 43 100048198089
128 56 100048978902
136 59 100049758902
140 65 100050540527
147 67 100051321339
161 61 100052102152
230 11 100052882152
248 12 100053663777
262 14 100054444589
277 18 100055224589
291 23 100056005402
305 29 100056786214
318 35 100057567027
332 43 100058347839
346 51 100059128652
359 60 100059909464
372 70 100060690277
385 80 100061471089
397 92 100062251902
410 104 100063032714
421 116 100063813527
433 129 100064594339
445 144 100065375152
456 157 100066155964
467 172 100066936777
476 187 100067717589
487 202 100068498402
496 218 100069279214
507 234 100070060027
516 250 100070840839
524 267 100071621652
533 283 100072402464
539 275 100073183277
545 261 100073964089
550 247 100074744902
555 234 100075525714
560 222 100076306527
566 210 100077087339
570 198 100077868152
575 188 100078648964
580 178 100079429777
585 169 100080210589
589 161 100080991402
593 154 100081772214
597 147 100082553027
601 142 100083333839
604 137 100084114652
608 133 100084894652
611 131 100085675464
614 128 100086456277
617 127 100087237089
620 126 100088017902
623 126 100088798714
625 128 100089579527
627 130 100090360339
629 133 100091141152
631 137 100091921964
633 141 100092702777
635 148 100093483589
636 152 100094264402
637 159 100095045214
638 167 100095826027
639 176 100096606839
639 185 100097387652
640 195 100098168464
641 205 100098949277
641 216 100099730089
642 227 100100510902
642 240 100101291714
642 253 100102072527
641 265 100102853339
640 279 100103634152
640 292 100104414964
642 285 100105195777
644 273 100105976589
645 262 100106757402
646 251 100107538214
647 241 100108319027
648 232 100109099027
649 223 100109880652
649 215 100110661464
650 208 100111442277
650 201 100112222277
651 196 100113003902
651 191 100113784714
651 187 100114564714
652 178 100117687964
651 178 100118468777
651 179 100119249589
650 180 100120030402
650 183 100120811214
649 185 100121592027
650 178 100122372839
651 169 100123153652
