24 103 100015745533
57 106 100016526345
87 109 100017307158
121 114 100018088783
152 119 100018868783
183 126 100019649595
212 133 100020431220
243 142 100021212033
274 150 100021992033
303 159 100022772845
332 171 100023554470
360 182 100024335283
388 194 100025115283
414 206 100025896095
441 220 100026677720
465 235 100027458533
489 249 100028238533
513 263 100029019345
537 278 100029800970
557 290 100030580970
575 279 100031361783
593 265 100032142595
611 254 100032923408
629 244 100033704220
645 234 100034485033
645 219 100035265845
633 201 100036046658
622 185 100036827470
610 169 100037608283
598 153 100038389095
587 138 100039169908
574 124 100039950720
562 111 100040731533
549 98 100041512345
537 86 100042293158
524 76 100043073970
512 66 100043854783
499 57 100044635595
485 49 100045416408
472 41 100046197220
459 35 100046978033
446 29 100047758845
434 25 100048539658
420 21 100049320470
408 18 100050101283
393 16 100050882095
380 15 100051662908
368 15 100052443720
355 16 100053224533
342 17 100054005345
328 19 100054786158
316 23 100055566158
304 27 100056347783
291 32 100057128595
279 38 100057908595
266 45 100058689408
254 52 100059471033
242 60 100060251033
231 69 100061031845
219 79 100061812658
208 89 100062593470
196 99 100063374283
185 111 100064155095
175 122 100064935908
164 135 100065716720
154 148 100066497533
144 161 100067278345
133 175 100068059158
124 189 100068839970
115 204 100069620783
106 219 100070401595
97 234 100071182408
88 249 100071963220
83 240 100072744033
79 226 100073524845
75 212 100074305658
71 199 100075086470
68 187 100075867283
64 174 100076648095
61 163 100077428908
57 153 100078209720
54 143 100078990533
51 134 100079771345
48 126 100080552158
45 119 100081332970
42 112 100082113783
39 106 100082894595
36 102 100083675408
34 97 100084456220
31 94 100085236220
29 92 100086017845
27 90 100086798658
24 88 100087578658
22 89 100088359470
20 90 100089141095
18 91 100089921095
16 93 100090701908
14 96 100091482720
13 100 100092264345
12 105 100093044345
11 110 100093825158
10 116 100094605970
10 123 100095386783
9 131 100096167595
9 139 100096948408
8 147 100097729220
7 158 100098510033
6 167 100099290845
6 179 100100071658
6 189 100100852470
6 201 100101633283
5 213 100102414095
5 226 100103194908
4 238 100103975720
4 231 100104756533
