-0.399071 0.0103239 0.528873 92.1986 3.92011 0.134331 0.561527
-0.34016 0.0155518 0.534415 92.2144 3.74516 0.332353 0.35232
-0.27935 0.0190012 0.535925 92.2301 3.86189 0.219064 0.0958899
-0.221308 0.0249922 0.536176 92.2459 3.68985 0.380865 0.0159647
-0.162507 0.0251693 0.530853 92.2616 3.73432 0.0112442 -0.338064
-0.10108 0.0302017 0.527164 92.2773 3.90509 0.319927 -0.234515
-0.0437581 0.034908 0.519377 92.2931 3.64034 0.298884 -0.494562
0.0172787 0.0382198 0.507588 92.3088 3.88028 0.210541 -0.749447
0.0722895 0.0472125 0.495944 92.3245 3.49719 0.571687 -0.740204
0.132268 0.0525719 0.480137 92.3403 3.80906 0.340362 -1.00391
0.187674 0.0582694 0.461472 92.356 3.5187 0.361834 -1.18535
0.244708 0.0550318 0.440838 92.3718 3.62579 -0.205823 -1.31178
0.301856 0.0623862 0.417925 92.3875 3.62933 0.467057 -1.45511
0.355953 0.0669005 0.39324 92.4032 3.43906 0.286986 -1.56928
0.411907 0.0708118 0.362735 92.419 3.55347 0.248395 -1.93731
0.465626 0.0748553 0.334672 92.4347 3.4151 0.257058 -1.78407
0.520152 0.0783494 0.303489 92.4505 3.46278 0.221902 -1.98034
0.573187 0.0836828 0.264782 92.4662 3.37162 0.339054 -2.46068
0.625331 0.0892383 0.228478 92.4819 3.31152 0.352817 -2.30554
0.676103 0.0886877 0.18827 92.4977 3.22768 -0.0350036 -2.55618
0.727508 0.0913172 0.146177 92.5134 3.26457 0.166989 -2.67322
0.778426 0.093421 0.103431 92.5291 3.23703 0.13375 -2.71746
0.826499 0.0925302 0.0581659 92.5449 3.05298 -0.0565716 -2.87466
0.872392 0.0972745 0.0124974 92.5606 2.91757 0.301605 -2.90327
0.90712 0.102152 0.0474023 92.5764 2.20545 0.309752 2.21671
0.931755 0.0983443 0.0903897 92.5921 1.56611 -0.242064 2.73283
