1.07063 0.109372 0.204708 92.6661 1.88594 0.124666 1.75485 92252.8
1.07054 0.100356 0.190745 92.6579 1.90717 0.113681 1.83642 92268.7
1.07052 0.103668 0.185385 92.6556 1.91029 0.119582 1.86883 92284.8
1.07051 0.101084 0.170561 92.6468 1.93643 0.117613 1.95456 92300
1.07064 0.132837 0.171444 92.6481 1.92766 0.170833 1.95115 92317.5
1.07028 0.142876 0.178556 92.6498 1.93065 0.18899 1.90995 92331.3
1.07008 0.151345 0.181718 92.65 1.93283 0.204282 1.8954 92347.3
1.07096 0.127366 0.1895 92.6533 1.92769 0.151046 1.85422 92363
1.07094 0.106463 0.187494 92.6495 1.94917 0.111885 1.87475 92379.1
1.07055 0.106053 0.192614 92.6528 1.93502 0.112945 1.84245 92394.5
1.07058 0.111842 0.19453 92.6515 1.94705 0.128546 1.84889 92410.4
1.0705 0.129202 0.201082 92.6537 1.93972 0.168958 1.81232 92426.1
1.0709 0.119089 0.198729 92.654 1.93723 0.141432 1.81515 92441.7
1.07028 0.120351 0.203649 92.6537 1.94464 0.147277 1.82041 92457.5
1.07095 0.125794 0.208952 92.656 1.93472 0.165373 1.79638 92473.2
1.07088 0.120548 0.22131 92.6587 1.92786 0.141265 1.76786 92489.3
1.07055 0.114527 0.224977 92.6604 1.91685 0.114586 1.759 92504.6
1.07066 0.10638 0.22141 92.6602 1.91558 0.0805448 1.74226 92520.4
1.07006 0.0988911 0.223507 92.6609 1.9054 0.0427304 1.73212 92536.1
1.07068 0.103411 0.222839 92.6631 1.87433 0.0701057 1.69292 92553.8
