644 105 18048701951
622 100 18049489263
599 96 18050275763
575 93 18051062263
550 90 18051849576
526 89 18052636888
501 89 18053423388
477 90 18054209888
452 92 18054997201
427 94 18055784513
402 98 18056571013
376 103 18057357513
353 109 18058144826
327 116 18058931326
304 124 18059718638
280 131 18060505951
255 141 18061292451
233 151 18062078951
210 163 18062866263
187 174 18063652763
165 186 18064440076
144 201 18065226576
123 215 18066013888
104 229 18066801201
84 244 18067587701
65 259 18068374201
48 274 18069161513
31 290 18069948826
15 280 18070735326
6 266 18071521826
