2 99 18049031198
22 95 18049818510
45 92 18050605010
70 90 18051392323
93 88 18052178823
117 88 18052966135
140 88 18053752635
163 91 18054539948
188 93 18055326448
210 96 18056113760
234 101 18056900260
256 105 18057686760
279 111 18058474073
301 118 18059261385
323 127 18060047885
344 135 18060835198
365 144 18061621698
386 155 18062409010
405 165 18063195510
425 176 18063982823
444 189 18064769323
462 201 18065556635
480 215 18066343135
497 229 18067130448
514 243 18067916948
530 258 18068704260
544 272 18069490760
558 261 18070278073
572 248 18071064573
586 236 18071851885
599 225 18072639198
612 214 18073425698
625 205 18074212198
639 196 18074999510
648 188 18075786823
