-0.48876 0.0217015 0.349328 103.843 -0.126253 -0.00681189 0.023014
-0.431435 0.0262219 0.34391 103.859 3.64054 0.287078 -0.344028
-0.372069 0.0378043 0.333203 103.875 3.77407 0.736322 -0.680699
-0.315089 0.0450946 0.323626 103.891 3.6224 0.463465 -0.608863
-0.255655 0.0527943 0.31124 103.906 3.77834 0.489494 -0.787373
-0.197567 0.0549172 0.295536 103.922 3.69285 0.134958 -0.998341
-0.140714 0.0626179 0.277156 103.938 3.61055 0.48905 -1.16731
-0.0810678 0.072923 0.257467 103.954 3.79189 0.655123 -1.25165
-0.0263546 0.0778177 0.234199 103.969 3.47828 0.311171 -1.47922
0.032232 0.0886311 0.206795 103.985 3.72451 0.687439 -1.74215
0.085089 0.095684 0.181756 104.001 3.3568 0.447913 -1.59016
0.142124 0.104624 0.149154 104.016 3.62587 0.568337 -2.07261
0.197143 0.110816 0.117476 104.032 3.49769 0.39362 -2.01384
0.251346 0.116491 0.0822596 104.048 3.44586 0.36083 -2.2388
0.307563 0.124664 0.0453436 104.064 3.57016 0.518993 -2.34443
0.357663 0.129937 0.00910707 104.079 3.185 0.335226 -2.30366
0.395158 0.135039 0.0412284 104.095 2.3837 0.324379 2.04204
0.429495 0.135411 0.0755629 104.111 2.18287 0.0236508 2.18274
0.465836 0.138576 0.108182 104.127 2.30792 0.200985 2.07157
0.499449 0.141418 0.137252 104.142 2.13685 0.180648 1.84802
0.536687 0.146847 0.161784 104.158 2.36737 0.345147 1.55957
0.569536 0.150148 0.187224 104.174 2.08615 0.20965 1.61567
0.602642 0.150178 0.207686 104.19 2.10464 0.00191308 1.30079
0.639494 0.152776 0.223873 104.205 2.34274 0.165151 1.02905
0.670728 0.155494 0.242736 104.221 1.98566 0.172798 1.1992
0.70619 0.155732 0.254004 104.237 2.25441 0.0151506 0.716347
0.739065 0.162155 0.264365 104.253 2.0878 0.407909 0.657959
0.772048 0.164453 0.271307 104.268 2.09682 0.146086 0.441315
0.803759 0.166141 0.278168 104.284 2.01595 0.107269 0.43622
0.835809 0.169784 0.280892 104.3 2.03751 0.231587 0.173165
0.869303 0.173765 0.280768 104.315 2.12714 0.252859 -0.00791189
0.892854 0.168718 0.278398 104.331 1.4972 -0.320832 -0.150673
0.908115 0.294392 0.0327538 105.779 0.0105429 0.0868204 -0.1697
0.905561 0.294094 0.0100962 105.794 -0.162218 -0.0189437 -1.43892
0.900377 0.295627 0.0293196 105.81 -0.329542 0.0974484 1.22208
0.896051 0.300092 0.0504439 105.826 -0.275035 0.283877 1.34293
0.890929 0.301732 0.0694072 105.842 -0.325588 0.104255 1.20555
0.887291 0.301629 0.0863839 105.857 -0.231311 -0.00659678 1.07925
0.882732 0.305169 0.100783 105.873 -0.289509 0.224855 0.91445
0.878825 0.303997 0.11127 105.889 -0.248378 -0.0744979 0.666675
0.87624 0.307604 0.119408 105.905 -0.164372 0.229288 0.517391
0.871398 0.308926 0.125526 105.92 -0.307768 0.0840606 0.388914
0.866251 0.31265 0.133549 105.936 -0.327261 0.236698 0.510034
0.863679 0.312731 0.133464 105.952 -0.163468 0.00516092 -0.00539826
0.859677 0.314646 0.135223 105.968 -0.254158 0.121629 0.111736
0.854845 0.312399 0.133135 105.983 -0.307186 -0.142858 -0.132779
0.850259 0.316476 0.127503 105.999 -0.291569 0.259195 -0.358051
0.84485 0.317591 0.119856 106.015 -0.343883 0.0708892 -0.486114
0.840547 0.319258 0.11226 106.03 -0.273234 0.105846 -0.482406
0.834669 0.317163 0.099416 106.046 -0.373709 -0.133196 -0.816527
0.829636 0.318847 0.0854389 106.062 -0.319938 0.107107 -0.888559
0.824993 0.321539 0.0701265 106.078 -0.29485 0.170941 -0.972452
0.819446 0.320037 0.0507475 106.093 -0.352635 -0.0955179 -1.23197
0.815498 0.322225 0.0287991 106.109 -0.251007 0.139136 -1.39532
0.811139 0.324721 0.00991698 106.125 -0.277086 0.158662 -1.20039
0.806552 0.324024 0.027216 106.141 -0.291333 -0.0442855 1.09861
0.801623 0.323627 0.0476116 106.156 -0.313692 -0.0252241 1.29795
0.797246 0.327219 0.0622704 106.172 -0.277937 0.228112 0.93094
0.792815 0.328732 0.0780583 106.188 -0.281699 0.0961931 1.00368
0.78624 0.332165 0.0893315 106.204 -0.417991 0.218221 0.716669
0.779903 0.331054 0.0997849 106.219 -0.402861 -0.0706278 0.664553
0.776602 0.331721 0.105977 106.235 -0.209664 0.0423679 0.393215
0.773307 0.332393 0.112155 106.251 -0.209443 0.0427515 0.392807
0.767846 0.33495 0.113933 106.266 -0.347214 0.162513 0.113029
0.764132 0.33453 0.113775 106.282 -0.236079 -0.0267069 -0.0100766
0.759359 0.336458 0.109289 106.298 -0.303459 0.122564 -0.285164
0.754855 0.335278 0.105926 106.314 -0.286035 -0.0748999 -0.213615
0.749275 0.336454 0.0982119 106.329 -0.354716 0.0747543 -0.490386
0.744809 0.338078 0.0905414 106.345 -0.283908 0.103204 -0.487632
0.740663 0.33939 0.0796783 106.361 -0.263588 0.0834226 -0.690599
0.736831 0.340399 0.0655837 106.377 -0.24361 0.0641613 -0.896031
0.732167 0.340708 0.0481416 106.392 -0.296191 0.0195913 -1.1077
0.728617 0.341452 0.0306526 106.408 -0.225695 0.0473144 -1.11182
0.721574 0.341571 0.00963369 106.424 -0.447727 0.00757876 -1.33623
0.717639 0.342746 0.022516 106.439 -0.250185 0.0746676 0.818965
0.711999 0.34629 0.0405182 106.455 -0.358168 0.225111 1.14327
0.707986 0.343226 0.0556576 106.471 -0.25512 -0.194822 0.962449
0.70263 0.344891 0.0683075 106.487 -0.340465 0.105867 0.80419
0.698004 0.347621 0.0765144 106.502 -0.294097 0.173536 0.521739
0.693282 0.346045 0.0870554 106.518 -0.300207 -0.100161 0.670116
0.687511 0.348904 0.092023 106.534 -0.366474 0.181553 0.315483
0.684603 0.349251 0.0950901 106.55 -0.184901 0.0220622 0.194983
0.679388 0.349297 0.0949019 106.565 -0.331505 0.00294418 -0.011967
0.675649 0.348947 0.0947459 106.581 -0.237684 -0.022271 -0.00991298
0.669643 0.350478 0.0901621 106.597 -0.381463 0.0972385 -0.291108
0.664759 0.352371 0.0856309 106.613 -0.310486 0.120362 -0.288062
0.660439 0.353619 0.0747286 106.628 -0.274621 0.0793282 -0.693088
0.656053 0.352698 0.064963 106.644 -0.278846 -0.0585751 -0.620824
0.651746 0.356117 0.0527864 106.66 -0.273818 0.217348 -0.774104
0.64674 0.354265 0.0364265 106.676 -0.317917 -0.117571 -1.03897
0.641747 0.35462 0.0187658 106.691 -0.317423 0.0225171 -1.12274
0.638546 0.355885 0.0108881 106.707 -0.203475 0.0804225 -0.500805
0.634751 0.354921 0.0249964 106.723 -0.241243 -0.0612831 0.896906
0.630525 0.358924 0.0431004 106.738 -0.268641 0.25453 1.15092
0.625673 0.359876 0.0558107 106.754 -0.308459 0.0604978 0.808027
0.620716 0.358962 0.0664609 106.77 -0.314849 -0.0580239 0.676366
0.619051 0.3593 0.0727926 106.786 -0.105842 0.0214758 0.402526
0.613283 0.35995 0.0789715 106.801 -0.366647 0.0413243 0.392807
0.608 0.357755 0.0799457 106.817 -0.335902 -0.139567 0.0619328
0.605471 0.357492 0.0830163 106.833 -0.160782 -0.0167327 0.195209
0.600519 0.359357 0.0784675 106.849 -0.314461 0.118442 -0.28888
0.59552 0.359022 0.0750825 106.864 -0.317797 -0.0212471 -0.215195
0.590797 0.360553 0.0673213 106.88 -0.300236 0.0973355 -0.493403
0.587514 0.359633 0.060762 106.896 -0.208744 -0.0585005 -0.416989
0.584501 0.360601 0.049788 106.911 -0.191561 0.0615473 -0.69765
0.580422 0.35903 0.0334426 106.927 -0.259014 -0.0998047 -1.03805
0.576116 0.359969 0.0190542 106.943 -0.273739 0.0597073 -0.914713
0.571551 0.361216 0.00785763 106.959 -0.290247 0.079261 -0.711796
0.566531 0.360285 0.0251911 106.974 -0.319103 -0.0591904 1.10194
0.562957 0.361495 0.0380505 106.99 -0.22724 0.0769685 0.817505
0.559397 0.362728 0.0508543 107.006 -0.226031 0.0783052 0.813138
0.555159 0.363108 0.0571336 107.022 -0.269428 0.024104 0.399191
0.549439 0.363704 0.0633489 107.037 -0.363636 0.0379285 0.395123
0.545222 0.364099 0.0696033 107.053 -0.26813 0.0251273 0.39761
0.539955 0.364049 0.0694001 107.069 -0.334481 -0.00319439 -0.0129027
0.537321 0.364021 0.0692984 107.085 -0.167614 -0.00177159 -0.006477
0.533784 0.36566 0.064772 107.1 -0.224645 0.104093 -0.287455
0.530241 0.367306 0.0602393 107.116 -0.225232 0.10463 -0.288156
0.525376 0.366609 0.053602 107.132 -0.309291 -0.0443505 -0.421955
0.520907 0.365281 0.0404871 107.147 -0.284071 -0.0843806 -0.833749
0.516266 0.368674 0.0281748 107.163 -0.295031 0.215672 -0.782727
0.513258 0.367227 0.0149946 107.179 -0.191037 -0.0919105 -0.837034
0.509636 0.366712 0.0115751 107.195 -0.230296 -0.0327315 -0.217393
0.504681 0.368035 0.0244508 107.21 -0.314988 0.0841045 0.818549
0.501595 0.368932 0.0373464 107.226 -0.196167 0.0570149 0.819807
0.496869 0.369974 0.0468835 107.242 -0.300476 0.066244 0.606298
0.49382 0.368361 0.0544063 107.258 -0.193612 -0.102395 0.477753
0.489861 0.370683 0.0563012 107.273 -0.251676 0.147616 0.120469
0.484367 0.368703 0.0604821 107.289 -0.349288 -0.125896 0.265786
0.480436 0.373252 0.0612053 107.305 -0.249931 0.289187 0.0459809
0.476981 0.370194 0.0557952 107.321 -0.219636 -0.194379 -0.343936
0.47303 0.372138 0.0512281 107.336 -0.250882 0.123442 -0.290045
0.469578 0.371307 0.0446199 107.352 -0.219661 -0.0528935 -0.420532
0.466155 0.374904 0.0356312 107.368 -0.217438 0.228474 -0.570852
0.462655 0.371483 0.0236387 107.383 -0.222489 -0.217508 -0.762391
0.458014 0.372353 0.00916104 107.399 -0.295023 0.0552889 -0.920388
0.453851 0.372783 0.0155519 107.415 -0.26469 0.0273752 0.406282
0.449518 0.371326 0.0263786 107.431 -0.275426 -0.0926451 0.688286
0.443713 0.372143 0.0359116 107.446 -0.368652 0.0518858 0.605412
0.43943 0.372918 0.0454829 107.462 -0.272314 0.0492588 0.608478
0.43662 0.373175 0.048608 107.478 -0.17864 0.0163413 0.198668
0.431159 0.373367 0.0516223 107.494 -0.347139 0.0121972 0.191627
0.427354 0.373203 0.0514767 107.509 -0.241938 -0.0104301 -0.00925237
0.423693 0.372727 0.0481019 107.525 -0.232473 -0.0302313 -0.214323
0.419678 0.372367 0.0446885 107.541 -0.255259 -0.0228831 -0.217003
0.414653 0.373815 0.0368077 107.557 -0.319468 0.0920488 -0.501004
0.41125 0.372732 0.0269077 107.572 -0.216291 -0.0687984 -0.629371
0.407843 0.373883 0.0157794 107.588 -0.21638 0.0730517 -0.706726
0.402764 0.373138 0.00900928 107.604 -0.322896 -0.0473235 -0.430397
0.398396 0.374214 0.0219441 107.619 -0.277689 0.0683743 0.822305
0.394306 0.374696 0.0283188 107.635 -0.260025 0.0306713 0.405257
0.392527 0.37086 0.0371167 107.651 -0.113055 -0.243887 0.559307
0.38846 0.373571 0.0422757 107.667 -0.258298 0.172157 0.327627
0.383012 0.373726 0.0452948 107.682 -0.346325 0.00988561 0.191934
0.3807 0.373635 0.0452309 107.698 -0.147009 -0.00579185 -0.00406228
0.375487 0.370943 0.0429537 107.714 -0.331411 -0.17115 -0.144769
0.372594 0.372767 0.0383711 107.73 -0.183891 0.115988 -0.291327
0.368996 0.37203 0.0317296 107.745 -0.22878 -0.0468716 -0.422217
0.365498 0.371005 0.0218115 107.761 -0.222376 -0.0651598 -0.630525
0.360474 0.372155 0.0105777 107.777 -0.319378 0.0731096 -0.714163
0.356624 0.369835 0.011634 107.793 -0.244507 -0.147367 0.0670854
0.353526 0.37094 0.0245948 107.808 -0.196909 0.0702516 0.823953
0.350647 0.371454 0.030998 107.824 -0.183063 0.032715 0.407071
0.346712 0.369432 0.0352975 107.84 -0.250134 -0.128577 0.273329
0.341276 0.367321 0.0395089 107.855 -0.345617 -0.134175 0.267735
0.337444 0.367227 0.0393695 107.871 -0.243334 -0.00602139 -0.00885295
0.334772 0.369361 0.0380699 107.887 -0.170016 0.135846 -0.0827051
0.330684 0.368857 0.0346253 107.903 -0.259645 -0.0320416 -0.218756
0.327115 0.365644 0.0259141 107.918 -0.226908 -0.204216 -0.553799
0.323438 0.367198 0.0180471 107.934 -0.233772 0.0987673 -0.500129
0.318322 0.366131 0.00799532 107.95 -0.325206 -0.0678498 -0.639018
0.314303 0.366634 0.0144084 107.966 -0.255505 0.0320051 0.407696
0.311384 0.36741 0.024098 107.981 -0.185574 0.0492959 0.615996
0.308557 0.365668 0.0316963 107.997 -0.179503 -0.110612 0.482548
0.304634 0.368124 0.0336184 108.013 -0.249445 0.156178 0.122194
0.299297 0.36345 0.035778 108.029 -0.339251 -0.297192 0.137291
0.295447 0.36562 0.0344479 108.044 -0.244781 0.137972 -0.0845627
0.294005 0.365169 0.0311049 108.06 -0.0916686 -0.0286631 -0.212518
0.290289 0.364526 0.024451 108.076 -0.235963 -0.0408221 -0.422571
0.286563 0.363897 0.0177825 108.091 -0.237124 -0.0400294 -0.424379
0.281361 0.365052 0.00651621 108.107 -0.330362 0.0733188 -0.715487
0.281241 0.365619 0.0130751 108.123 -0.00761773 0.0360831 0.416964
0.275763 0.363742 0.0205916 108.139 -0.3483 -0.119376 0.477846
