1.03071 0.181232 0.249064 104.392 2.03842 0.152478 -0.770438 104134
1.03014 0.185493 0.260818 104.391 2.04494 0.171602 -0.728918 104149
1.0306 0.199066 0.26111 104.391 2.04637 0.220092 -0.724419 104165
1.03043 0.192519 0.255732 104.394 2.01781 0.187491 -0.766008 104181
1.03047 0.184236 0.252581 104.391 2.04486 0.153915 -0.763811 104196
1.03046 0.176039 0.255764 104.395 2.00947 0.118434 -0.769997 104212
1.03035 0.171741 0.25253 104.392 2.04214 0.0986077 -0.766091 104228
1.03005 0.182893 0.253016 104.392 2.04209 0.161845 -0.763585 104244
1.03089 0.186661 0.249304 104.394 2.01551 0.181434 -0.801908 104259
1.03031 0.187276 0.245452 104.394 2.01723 0.182418 -0.815948 104275
1.03019 0.19013 0.246894 104.396 1.97868 0.195995 -0.817303 104291
1.03069 0.186476 0.246869 104.396 1.9902 0.175232 -0.818636 104306
1.03021 0.180618 0.242741 104.4 1.8946 0.0996648 -0.866907 104322
