644 153 18631728388
622 153 18632514888
600 156 18633301388
576 158 18634087888
553 161 18634875201
530 167 18635661701
507 172 18636448201
483 178 18637234701
459 184 18638022013
436 192 18638808513
412 201 18639595013
390 210 18640381513
365 222 18641168826
344 232 18641955326
321 245 18642741826
299 257 18643528326
277 270 18644315638
255 284 18645102138
235 297 18645888638
220 288 18646675138
206 277 18647462451
190 267 18648248951
176 258 18649035451
160 251 18649821951
145 243 18650609263
131 236 18651395763
115 231 18652182263
101 225 18652968763
85 221 18653756076
71 219 18654542576
56 217 18655329076
42 215 18656115576
28 215 18656902888
13 216 18657689388
7 217 18658475888
2 326 18730065263
6 334 18730851763
7 341 18731639076
8 335 18732425576
8 329 18733212076
9 323 18733998576
9 317 18734785888
10 313 18735572388
11 309 18736358888
11 307 18737145388
12 305 18737931888
13 303 18738719201
14 303 18739505701
16 303 18740292201
18 303 18741078701
20 306 18741866013
23 309 18742652513
25 312 18743439013
29 316 18744225513
31 321 18745012013
34 327 18745799326
37 333 18746585826
40 341 18747372326
43 348 18748159638
44 342 18748946138
45 335 18749732638
46 331 18750519138
47 326 18751305638
49 323 18752092951
51 319 18752879451
52 317 18753665951
53 315 18754452451
55 315 18755238951
57 315 18756025451
59 317 18756811951
62 318 18757599263
65 321 18758385763
67 324 18759172263
69 328 18759958763
71 333 18760746076
74 339 18761532576
76 345 18762319076
80 352 18763105576
81 348 18763892076
83 343 18764679388
84 337 18765465888
85 333 18766252388
87 331 18767038888
89 327 18767825388
91 326 18768612701
92 325 18769399201
94 325 18770185701
96 325 18770972201
99 327 18771759513
101 329 18772546013
103 333 18773332513
105 336 18774119013
107 341 18774906326
110 346 18775692826
113 352 18776479326
115 355 18777265826
116 350 18778052326
117 345 18778839638
119 341 18779626138
120 337 18780412638
121 335 18781199138
123 333 18781985638
125 332 18782772138
127 331 18783558638
129 333 18784345951
131 334 18785132451
133 337 18785918951
135 339 18786705451
137 343 18787491951
139 348 18788279263
141 353 18789065763
143 357 18789852263
145 351 18790638763
146 347 18791426076
147 343 18792212576
149 341 18792999076
151 339 18793785576
153 337 18794572076
155 337 18795359388
156 337 18796145888
158 339 18796932388
160 341 18797718888
162 343 18798505388
164 347 18799291888
166 352 18800079201
168 356 18800865701
170 357 18801652201
171 353 18802438701
173 349 18803225201
174 346 18804012513
175 343 18804799013
177 343 18805585513
179 341 18806372013
181 342 18807158513
183 343 18807945826
184 345 18808732326
186 347 18809518826
188 351 18810305326
189 354 18811091826
191 359 18811878326
193 357 18812664826
195 353 18813451326
197 350 18814238638
199 347 18815025138
200 346 18815811638
202 345 18816598138
204 345 18817385451
206 346 18818171951
207 347 18818958451
209 350 18819744951
211 353 18820531451
213 357 18821318763
215 359 18822105263
217 355 18822891763
219 353 18823678263
219 349 18824464763
221 348 18825252076
223 347 18826038576
225 347 18826825076
227 347 18827611576
227 349 18828398076
229 351 18829184576
231 354 18829971076
233 358 18830758388
235 357 18831544888
236 353 18832331388
237 351 18833117888
239 349 18833904388
241 347 18834691701
243 347 18835478201
244 348 18836264701
245 349 18837051201
247 351 18837837701
249 354 18838624201
251 357 18839410701
253 355 18840197201
254 352 18840984513
255 349 18841771013
257 349 18842557513
259 347 18843344013
261 348 18844130513
261 349 18844917826
263 351 18845704326
265 353 18846490826
267 357 18847277326
267 355 18848063826
269 352 18848850326
