19 150 18632844135
43 151 18633630635
65 153 18634417948
89 156 18635204448
111 159 18635990948
134 163 18636777448
156 169 18637563948
178 175 18638351260
201 181 18639137760
222 189 18639924260
243 197 18640710760
263 205 18641498073
284 215 18642284573
304 225 18643071073
323 236 18643857573
343 247 18644644885
360 258 18645431385
374 248 18646217885
387 238 18647004385
400 228 18647791698
413 219 18648578198
427 211 18649364698
439 203 18650152010
452 197 18650938510
466 192 18651725010
478 186 18652511510
491 183 18653298010
504 179 18654085323
516 177 18654871823
528 175 18655658323
540 174 18656444823
552 174 18657232135
564 175 18658018635
575 177 18658805135
586 180 18659591635
596 183 18660378948
607 187 18661165448
617 192 18661951948
627 198 18662738448
637 204 18663524948
645 211 18664312260
649 218 18665098760
651 214 18689485948
648 221 18690273260
646 228 18691059760
645 236 18691846260
642 245 18692632760
639 251 18693420073
639 242 18694206573
638 234 18694993885
637 226 18695780385
637 220 18696566885
635 214 18697353385
634 208 18698140698
633 204 18698927198
632 200 18699713698
631 198 18700500198
629 195 18701287510
627 193 18702074010
625 192 18702860510
623 192 18703647010
621 192 18704434323
619 194 18705220823
617 196 18706007323
614 198 18706793823
611 202 18707580323
609 206 18708367635
606 211 18709154135
603 216 18709940635
601 222 18710727135
597 229 18711514448
594 237 18712300948
591 244 18713087448
590 239 18713873948
589 231 18714661260
588 224 18715447760
588 218 18716234260
587 213 18717020760
586 208 18717807260
585 205 18718594573
583 201 18719381073
581 198 18720167573
580 197 18720954073
579 196 18721741385
577 196 18722527885
574 196 18723314385
572 197 18724100885
570 199 18724888198
567 202 18725674698
565 205 18726461198
563 209 18727247698
561 213 18728035010
558 219 18728821510
555 225 18729608010
553 231 18730394510
550 238 18731181823
549 232 18731968323
548 225 18732754823
547 219 18733541323
546 214 18734327823
545 209 18735115135
544 206 18735901635
543 203 18736688135
541 201 18737474635
539 198 18738261135
538 198 18739047635
537 197 18739834948
535 198 18740621448
533 199 18741407948
531 201 18742194448
529 203 18742981760
527 207 18743768260
524 211 18744554760
522 215 18745342073
519 221 18746128573
517 227 18746915073
515 232 18747701573
514 227 18748488885
513 221 18749274573
512 216 18750061885
511 211 18750848385
509 207 18751634885
507 204 18752421385
506 202 18753208698
505 200 18753995198
503 199 18754781698
502 199 18755568198
500 200 18756354698
499 201 18757142010
497 203 18757928510
495 205 18758715010
493 208 18759501510
491 212 18760288010
489 217 18761075323
487 222 18761861823
484 228 18762648323
483 224 18763434823
482 218 18764222135
481 214 18765008635
479 210 18765795135
478 207 18766581635
477 204 18767368135
475 202 18768155448
474 201 18768941948
472 201 18769728448
471 201 18770514948
469 202 18771302260
467 203 18772088760
465 206 18772875260
463 209 18773661760
461 212 18774448260
459 217 18775235573
457 222 18776022073
456 224 18776808573
455 220 18777595073
454 214 18778381573
453 210 18779168073
451 207 18779955385
451 205 18780741885
449 203 18781528385
447 203 18782314885
447 202 18783101385
445 203 18783888698
443 204 18784675198
441 206 18785461698
440 208 18786248198
439 211 18787034698
437 216 18787822010
435 220 18788608510
433 223 18789395010
432 218 18790181510
431 214 18790968010
430 210 18791755323
429 208 18792541823
427 206 18793328323
426 204 18794114823
424 204 18794902135
423 204 18795687823
422 205 18796475135
421 206 18797261635
419 208 18798048135
417 212 18798834635
415 215 18799621135
414 219 18800408448
413 220 18801194948
411 216 18801981448
411 212 18802767948
409 209 18803554448
408 207 18804341760
407 206 18805128260
405 205 18805914760
404 204 18806701260
403 206 18807487760
401 207 18808275073
400 209 18809060760
399 211 18809848073
397 215 18810634573
395 219 18811421073
394 217 18812207573
393 214 18812994073
391 211 18813781385
390 208 18814567885
389 207 18815354385
387 206 18816140885
386 206 18816927385
385 207 18817714698
383 208 18818501198
381 210 18819287698
380 213 18820074198
379 216 18820861510
377 218 18821648010
376 214 18822434510
375 212 18823221010
374 210 18824007510
373 208 18824794823
371 207 18825581323
371 207 18826367823
369 208 18827154323
367 209 18827940823
366 211 18828727323
365 214 18829513823
363 217 18830300323
362 217 18831087635
361 213 18831874135
360 211 18832660635
359 210 18833447135
357 209 18834233635
356 209 18835020948
355 209 18835806635
353 210 18836593948
352 213 18837380448
351 215 18838166948
349 218 18838953448
348 216 18839739948
347 213 18840526448
346 211 18841313760
345 210 18842100260
343 210 18842886760
342 210 18843673260
341 211 18844459760
340 213 18845247073
339 215 18846032760
337 218 18846820073
337 216 18847606573
335 214 18848393073
