-0.473236 0.0411738 0.448912 134.593 0.0168929 -0.0147082 0.00938533
-0.416756 0.039564 0.444669 134.609 3.59058 -0.102341 -0.269732
-0.356829 0.0369347 0.439079 134.624 3.81367 -0.167324 -0.355721
-0.298249 0.0378179 0.430882 134.64 3.72411 0.05615 -0.521091
-0.239937 0.036625 0.419778 134.656 3.70706 -0.0758402 -0.705954
-0.184184 0.034793 0.404366 134.672 3.54801 -0.116582 -0.980752
-0.128423 0.0335749 0.387513 134.687 3.54489 -0.0774426 -1.07139
-0.0698571 0.0367452 0.36948 134.703 3.72319 0.201549 -1.14643
-0.0122722 0.0313231 0.349433 134.719 3.66462 -0.345058 -1.2758
0.0440981 0.03289 0.3253 134.735 3.58362 0.0996119 -1.53415
0.0996713 0.0323989 0.299405 134.75 3.5366 -0.0312505 -1.64797
0.153109 0.0316842 0.270293 134.766 3.39718 -0.0454333 -1.85071
0.208432 0.0286948 0.239362 134.782 3.51701 -0.190046 -1.96636
0.262826 0.0300718 0.205289 134.797 3.46158 0.0876318 -2.1684
0.315494 0.0293949 0.169187 134.813 3.34824 -0.0430372 -2.29506
0.366176 0.0257779 0.13086 134.829 3.22535 -0.230177 -2.43911
0.421531 0.0273048 0.0893483 134.845 3.51906 0.097069 -2.63899
0.472448 0.0236133 0.0468204 134.86 3.23693 -0.234679 -2.70362
0.519664 0.0201078 0.00996141 134.876 3.00478 -0.223087 -2.34565
0.554331 0.0220374 0.0494239 134.892 2.2039 0.122675 2.50874
0.587117 0.0242584 0.08824 134.907 2.08428 0.14119 2.46765
0.619507 0.0217497 0.126229 134.923 2.06128 -0.159647 2.41754
0.650693 0.0187634 0.157564 134.939 1.98459 -0.190043 1.99414
0.683846 0.0216106 0.188829 134.955 2.10764 0.181 1.98762
0.71585 0.0181383 0.21646 134.97 2.03459 -0.220739 1.75659
0.747597 0.0203954 0.241091 134.986 2.01822 0.143486 1.56581
0.779233 0.0201899 0.263896 135.002 2.0133 -0.0130762 1.45128
0.809705 0.0192196 0.283558 135.018 1.93718 -0.0616831 1.24998
0.841349 0.0164315 0.301543 135.033 2.01171 -0.177247 1.14339
0.870891 0.0181839 0.313867 135.049 1.88001 0.11152 0.784245
0.899081 0.019086 0.326076 135.065 1.7921 0.0573487 0.776157
0.919098 0.0115995 0.33639 135.08 1.27385 -0.476428 0.656423
0.843025 0.0171331 0.463998 135.19 -0.691082 0.0502695 1.15925
0.787804 0.0194207 0.490881 135.206 -3.51419 0.145583 1.71077
0.728386 0.0200478 0.517393 135.222 -3.77738 0.0398663 1.68543
0.675759 0.0159877 0.540964 135.238 -3.34565 -0.258111 1.49848
0.619854 0.0204651 0.563354 135.253 -3.55772 0.284934 1.42489
0.564692 0.0216907 0.581591 135.269 -3.51041 0.0779953 1.16057
0.51135 0.0162386 0.596919 135.285 -3.39114 -0.346606 0.974473
0.456914 0.0196273 0.611265 135.301 -3.46065 0.215427 0.912008
0.403013 0.0192371 0.62162 135.316 -3.42662 -0.0248047 0.65828
0.348 0.018942 0.631914 135.332 -3.50093 -0.0187821 0.655074
0.296759 0.0153846 0.638316 135.348 -3.26089 -0.226385 0.40744
0.24306 0.0205562 0.643797 135.363 -3.4138 0.328776 0.348429
0.190802 0.0135702 0.646248 135.379 -3.3222 -0.444123 0.155838
0.0857516 0.01789 0.644398 135.411 -3.3409 0.137381 -0.0588513
0.0353737 0.0173031 0.639592 135.426 -3.20598 -0.0373445 -0.305847
-0.0164429 0.0159477 0.634701 135.442 -3.29413 -0.0861666 -0.310947
-0.0638854 0.014946 0.6248 135.458 -3.01605 -0.0636838 -0.629437
-0.1153 0.0174472 0.613648 135.474 -3.27196 0.159172 -0.709639
-0.16343 0.0193141 0.602468 135.489 -3.05975 0.118687 -0.710773
-0.214936 0.0208472 0.58335 135.505 -3.27437 0.0974595 -1.2154
-0.265109 0.018909 0.569154 135.521 -3.19296 -0.123344 -0.903372
-0.31139 0.020055 0.549823 135.536 -2.94216 0.0728562 -1.22897
-0.362077 0.0221657 0.527608 135.552 -3.22567 0.134321 -1.41373
-0.406974 0.0260928 0.505392 135.568 -2.85424 0.249657 -1.41231
-0.456667 0.0264115 0.478583 135.584 -3.1591 0.0202601 -1.70433
-0.503417 0.028041 0.450222 135.599 -2.97509 0.103701 -1.80487
-0.552984 0.0300924 0.422856 135.615 -3.15116 0.130409 -1.73969
-0.590673 0.0402606 0.391696 135.631 -2.39844 0.64709 -1.983
