1.03048 0.0147324 0.290043 135.132 1.91853 -0.0324705 -0.173193 134662
1.03026 0.0149509 0.290272 135.14 1.89689 -0.0323805 -0.298859 134678
1.03056 0.0234693 0.290303 135.139 1.90499 -0.0174192 -0.299566 134693
1.03081 0.0174176 0.289635 135.132 1.92756 -0.0292682 -0.222173 134708
1.03009 0.0226609 0.289737 135.124 1.95634 -0.0206895 -0.132007 134725
1.03083 0.0220803 0.290358 135.121 1.96649 -0.0214043 -0.106501 134740
1.03072 0.015961 0.293974 135.128 1.94229 -0.0314963 -0.190076 134756
1.03063 0.0217989 0.296832 135.132 1.93405 -0.0227015 -0.230844 134772
1.03044 0.0159453 0.299231 135.131 1.93833 -0.033149 -0.226751 134788
1.03063 0.0182387 0.302248 135.132 1.94038 -0.0273135 -0.223766 134803
1.0304 0.0135975 0.304523 135.133 1.93089 -0.0402456 -0.231078 134820
1.03019 0.0190718 0.309061 135.133 1.93791 -0.025884 -0.22071 134835
1.0303 0.00842495 0.310827 135.133 1.94147 -0.0554645 -0.21495 134850
1.03022 0.00139112 0.29272 135.136 1.91367 -0.0771164 -0.298266 134866
1.03087 0.0194206 0.357099 135.13 1.92155 -0.0175145 0.0808339 134929
1.03061 0.013479 0.361619 135.132 1.90765 -0.0375289 0.0817235 134944
1.03071 0.00574711 0.358299 135.131 1.91637 -0.0737262 0.0741703 134960
1.03017 0.0159387 0.353032 135.13 1.92663 -0.0199935 0.0614037 134976
1.03048 0.0214788 0.355516 135.129 1.93565 0.00987948 0.0825087 134992
1.03035 0.0170986 0.353354 135.131 1.91304 -0.0165756 0.0525194 135007
1.03047 0.0167401 0.354304 135.131 1.91179 -0.0280114 0.0581273 135023
1.03004 0.0127571 0.351804 135.132 1.89595 -0.0502531 0.0263112 135039
1.03042 0.0153975 0.349313 135.134 1.85752 -0.0200189 -0.0162351 135055
1.03047 0.0111328 0.348845 135.14 1.71594 -0.0781104 -0.0782582 135070
