5 110 20169536760
24 111 20170323260
47 113 20171108948
69 116 20171895448
91 119 20172681135
114 123 20173467635
136 128 20174254135
158 135 20175039823
179 142 20175826323
202 149 20176612823
224 158 20177398510
245 167 20178185010
266 177 20178970698
286 188 20179757198
307 200 20180543698
326 212 20181329385
346 225 20182115885
364 239 20182901573
384 253 20183688073
402 268 20184474573
418 281 20185260260
432 269 20186046760
445 257 20186833260
458 246 20187618948
471 237 20188404635
484 227 20189191135
498 219 20189977635
511 211 20190764135
524 204 20191549823
537 198 20192336323
550 193 20193122823
562 189 20193908510
574 185 20194695010
586 182 20195480698
599 181 20196267198
611 180 20197053698
622 180 20197839385
622 175 20198625885
602 161 20199411573
581 148 20200198073
559 136 20200984573
538 125 20201770260
516 114 20202556760
496 105 20203343260
474 95 20204128948
452 87 20204914635
431 81 20205701135
409 74 20206487635
388 69 20207274135
366 64 20208059823
345 61 20208845510
323 57 20209632010
302 56 20210418510
281 55 20211204198
260 54 20211990698
240 55 20212776385
219 56 20213562885
200 59 20214349385
180 62 20215135073
161 65 20215921573
141 71 20216708073
122 76 20217493760
104 82 20218280260
85 89 20219065948
69 96 20219852448
51 105 20220638948
34 114 20221424635
17 123 20222211135
7 133 20222996823
