649 128 20169207513
627 126 20169994013
603 126 20170780513
578 126 20171566201
555 127 20172352701
529 129 20173138388
505 132 20173924888
480 136 20174711388
457 141 20175497076
433 147 20176283576
409 154 20177070076
385 160 20177855763
361 169 20178642263
338 178 20179427951
316 188 20180214451
294 198 20181000951
271 210 20181786638
251 222 20182573138
231 234 20183358826
210 248 20184145326
191 261 20184931826
173 272 20185717513
159 260 20186504013
145 248 20187290513
131 235 20188076201
118 224 20188861888
103 214 20189648388
90 204 20190434888
76 196 20191221388
62 188 20192007076
49 181 20192793576
35 174 20193580076
22 170 20194365763
10 166 20195152263
5 162 20195937951
6 125 20200655326
26 114 20201441826
48 104 20202227513
73 94 20203014013
95 84 20203800513
118 76 20204586201
141 69 20205371888
164 62 20206158388
187 57 20206944888
211 53 20207731388
235 49 20208517076
257 46 20209302763
280 45 20210089263
303 43 20210875763
325 44 20211661451
349 45 20212447951
371 47 20213233638
393 49 20214020138
413 53 20214806638
435 58 20215592326
455 63 20216378826
476 71 20217165326
497 76 20217951013
515 84 20218737513
535 93 20219523201
553 102 20220309701
572 112 20221096201
589 123 20221881888
608 133 20222668388
624 145 20223454076
640 158 20224240576
649 170 20225026263
59 136 20226599263
56 137 20227385763
51 137 20228171451
47 137 20228957138
41 138 20229743638
35 138 20230530138
27 138 20231315826
19 138 20232102326
10 137 20232888013
5 137 20233674513
