-0.453857 -0.169467 0.480676 162.353 0.00511987 -0.00784834 0.00332977
-0.396742 -0.175055 0.473839 162.369 3.63468 -0.355587 -0.435089
-0.339768 -0.175616 0.467112 162.385 3.62575 -0.0356811 -0.428132
-0.280666 -0.178057 0.454925 162.4 3.76118 -0.155373 -0.775575
-0.225442 -0.179233 0.439895 162.416 3.51434 -0.0748139 -0.956459
-0.170026 -0.182804 0.42346 162.432 3.52662 -0.227235 -1.04589
-0.114529 -0.186286 0.404175 162.448 3.53171 -0.22161 -1.22725
-0.0589963 -0.187019 0.38054 162.463 3.53406 -0.046667 -1.50414
-0.000440321 -0.188895 0.356761 162.479 3.72641 -0.119367 -1.51325
0.0519877 -0.188925 0.329843 162.495 3.33644 -0.00193457 -1.71304
0.106136 -0.189404 0.299825 162.51 3.44234 -0.0304577 -1.9083
0.160855 -0.192449 0.268109 162.526 3.48228 -0.193737 -2.01838
0.213562 -0.195647 0.235998 162.542 3.35418 -0.203534 -2.04347
0.266829 -0.196085 0.199014 162.558 3.38982 -0.0278797 -2.35364
0.318226 -0.199175 0.160049 162.573 3.27086 -0.196629 -2.47962
0.370297 -0.199699 0.118976 162.589 3.3137 -0.0333642 -2.61384
0.419148 -0.202959 0.0788374 162.605 3.10883 -0.20743 -2.55437
0.470285 -0.203368 0.03023 162.62 3.25427 -0.0260437 -3.0933
0.510223 -0.203929 0.0268419 162.636 2.53896 -0.035686 -0.215394
0.544817 -0.20608 0.0674306 162.652 2.20149 -0.136867 2.58301
0.578728 -0.203709 0.10726 162.668 2.15809 0.150878 2.53467
0.609818 -0.206281 0.143512 162.683 1.97852 -0.163684 2.30702
0.643359 -0.207904 0.176296 162.699 2.13451 -0.103267 2.08635
0.676597 -0.20519 0.205576 162.715 2.11519 0.172693 1.86336
0.708379 -0.204549 0.233065 162.731 2.02256 0.040835 1.7493
0.739971 -0.206292 0.258859 162.746 2.01047 -0.110973 1.64151
0.770415 -0.210994 0.280117 162.762 1.93739 -0.299235 1.35283
0.801989 -0.207669 0.299574 162.778 2.00726 0.211417 1.23694
0.83383 -0.206677 0.314686 162.793 2.0263 0.0631186 0.961682
0.864287 -0.209842 0.329773 162.809 1.94027 -0.201608 0.961164
0.894802 -0.209636 0.341863 162.825 1.93989 0.0130542 0.76854
0.924555 -0.211036 0.349714 162.841 1.89347 -0.0890481 0.499648
0.948017 -0.214861 0.35602 162.856 1.49306 -0.243423 0.401305
0.857127 -0.210882 0.469789 162.966 -0.826297 0.0361689 1.0343
0.803446 -0.208694 0.495074 162.982 -3.41265 0.139113 1.60742
0.746452 -0.210385 0.521451 162.998 -3.627 -0.10758 1.67862
0.692013 -0.202987 0.538364 163.013 -3.46441 0.47077 1.07632
0.634268 -0.20197 0.555235 163.029 -3.67485 0.0647512 1.07363
0.579236 -0.206544 0.572165 163.045 -3.50211 -0.291112 1.07742
0.524594 -0.205407 0.586357 163.061 -3.47736 0.0723833 0.90315
0.469149 -0.203988 0.597908 163.076 -3.52845 0.0902549 0.735069
0.416425 -0.208531 0.607019 163.092 -3.35527 -0.289064 0.579813
0.36143 -0.201135 0.610809 163.108 -3.4962 0.470129 0.240948
0.308832 -0.202671 0.616069 163.123 -3.34727 -0.0977474 0.334762
0.25397 -0.204446 0.618716 163.139 -3.49131 -0.112926 0.168447
0.203852 -0.205855 0.618919 163.155 -3.18942 -0.0896684 0.0128953
0.148847 -0.207535 0.616481 163.171 -3.50049 -0.106913 -0.155156
0.097162 -0.205352 0.612804 163.186 -3.28913 0.138917 -0.233998
0.0451473 -0.202717 0.603996 163.202 -3.31015 0.167714 -0.560514
-0.00704642 -0.204366 0.59386 163.218 -3.32153 -0.104957 -0.645018
-0.057201 -0.204213 0.583749 163.233 -3.18846 0.00971898 -0.642824
-0.110247 -0.203769 0.570927 163.249 -3.37924 0.0282724 -0.816798
-0.15767 -0.203756 0.555506 163.265 -3.01797 0.00082689 -0.981375
-0.209426 -0.202532 0.537264 163.281 -3.29364 0.0778994 -1.16087
-0.258119 -0.201992 0.516253 163.296 -3.09559 0.0343322 -1.33575
-0.308601 -0.200273 0.495026 163.312 -3.21256 0.109398 -1.35089
-0.358462 -0.199433 0.472326 163.328 -3.17308 0.0534419 -1.44459
-0.406457 -0.198394 0.447977 163.343 -3.05433 0.0661511 -1.54953
-0.45422 -0.197984 0.419297 163.359 -3.03958 0.0261014 -1.82515
-0.502593 -0.197416 0.390253 163.375 -3.07838 0.0361323 -1.84828
