1.03049 -0.238132 0.311768 162.906 1.87446 -0.0871446 -0.321084 162437
1.0308 -0.236933 0.312467 162.91 1.86716 -0.0841423 -0.370185 162453
1.03007 -0.23376 0.314753 162.898 1.90953 -0.0801195 -0.261079 162469
1.03017 -0.216566 0.316186 162.896 1.91794 -0.0510398 -0.251871 162484
1.03021 -0.20366 0.317935 162.898 1.91531 -0.0282409 -0.273933 162499
1.03068 -0.20929 0.31812 162.899 1.9116 -0.0397791 -0.27908 162515
1.03044 -0.219106 0.31718 162.903 1.89497 -0.0601057 -0.324548 162532
1.03082 -0.225813 0.318474 162.899 1.91476 -0.0733013 -0.285436 162547
1.03045 -0.230627 0.320727 162.9 1.90912 -0.0834629 -0.290957 162563
1.03061 -0.223312 0.325361 162.902 1.90502 -0.0656006 -0.297826 162578
1.03064 -0.2235 0.324049 162.904 1.89015 -0.0669815 -0.328914 162594
1.03015 -0.224503 0.329781 162.906 1.88541 -0.068125 -0.324051 162609
1.03028 -0.218818 0.212195 162.918 1.76499 -0.0480577 -0.785888 162625
1.03006 -0.216145 0.379668 162.892 1.94349 -0.0478167 0.0835458 162688
1.0301 -0.209154 0.376536 162.892 1.93989 -0.0142769 0.0604375 162704
1.03082 -0.207763 0.369899 162.893 1.94149 -0.00350108 0.0282743 162720
1.03048 -0.202085 0.369295 162.891 1.95025 0.0199801 0.0406755 162735
1.03076 -0.211918 0.368976 162.894 1.91516 -0.0439349 0.0062734 162751
1.03 -0.217866 0.369028 162.896 1.89806 -0.0691863 -0.00668354 162767
1.03081 -0.213849 0.364281 162.895 1.90958 -0.0343851 -0.0381503 162783
1.03013 -0.210432 0.361888 162.895 1.91554 -0.017055 -0.0443798 162798
1.03039 -0.207135 0.363303 162.894 1.9196 0.00335565 -0.0269985 162814
1.03082 -0.214037 0.362737 162.896 1.89869 -0.0601142 -0.0467357 162830
1.03063 -0.21823 0.362832 162.899 1.79902 -0.109442 -0.0833374 162846
