8 132 21558341385
31 136 21559127073
53 140 21559912760
77 144 21560698448
101 150 21561484135
124 157 21562269823
147 165 21563055510
170 174 21563841198
193 184 21564626885
216 194 21565412573
238 205 21566198260
260 217 21566984760
282 230 21567770448
303 243 21568556135
324 257 21569341823
344 272 21570127510
364 287 21570913198
382 302 21571698885
401 319 21572484573
417 321 21573271073
431 309 21574056760
446 296 21574842448
460 285 21575628135
474 275 21576413823
489 265 21577199510
503 256 21577985198
517 248 21578770885
531 242 21579556573
545 235 21580343073
559 230 21581128760
572 226 21581913635
586 222 21582700135
599 220 21583485823
612 218 21584271510
625 217 21585057198
637 218 21585842885
646 218 21586628573
644 211 21587414260
624 198 21588199948
601 186 21588985635
578 174 21589771323
556 163 21590557823
533 152 21591343510
510 143 21592129198
486 135 21592914885
463 128 21593700573
440 121 21594486260
416 115 21595271948
393 111 21596057635
369 107 21596844135
347 104 21597629823
323 102 21598415510
301 101 21599201198
277 101 21599986885
255 101 21600772573
233 103 21601558260
210 106 21602343948
189 109 21603130448
167 113 21603915323
147 118 21604701010
126 124 21605486698
106 131 21606273198
86 138 21607058885
67 146 21607844573
48 154 21608630260
30 164 21609415948
12 174 21610201635
