643 76 21556440763
621 75 21557226451
599 74 21558012138
576 75 21558797826
553 76 21559583513
529 78 21560369201
507 80 21561155701
483 84 21561941388
461 89 21562727076
439 94 21563512763
417 100 21564298451
395 108 21565084138
371 116 21565869826
351 125 21566655513
330 135 21567441201
309 145 21568227701
289 155 21569012576
269 167 21569799076
250 179 21570584763
231 192 21571370451
213 204 21572156138
195 219 21572941826
181 220 21573727513
167 207 21574513201
154 195 21575298888
142 183 21576084576
128 172 21576871076
115 163 21577656763
102 154 21578442451
89 145 21579228138
77 137 21580013826
64 131 21580799513
51 126 21581585201
38 120 21582370888
26 116 21583156576
14 113 21583943076
7 111 21584728763
13 80 21589442888
35 70 21590228576
55 61 21591014263
77 51 21591799951
98 46 21592585638
121 40 21593372138
143 33 21594157826
165 28 21594943513
187 24 21595729201
208 20 21596514888
230 20 21597300576
252 18 21598086263
274 17 21598871951
294 17 21599657638
316 18 21600444138
337 20 21601229826
358 24 21602015513
378 28 21602801201
398 32 21603586888
419 37 21604372576
437 43 21605158263
457 50 21605943951
475 58 21606729638
494 66 21607515326
513 74 21608301013
530 83 21609086701
547 93 21609873201
564 103 21610658888
580 115 21611444576
596 127 21612230263
611 139 21613015951
627 150 21613801638
640 163 21614587326
649 177 21615373013
54 137 21616945201
51 137 21617730076
45 138 21618515763
39 138 21619302263
32 138 21620087951
23 138 21620873638
14 137 21621659326
8 137 21622445013
