-0.598888 0.17729 0.431435 232.651 -0.00139002 0.00540888 0.000594452
-0.54232 0.189846 0.425736 232.667 3.60734 0.800677 -0.363428
-0.488365 0.204935 0.417421 232.682 3.43367 0.96025 -0.529143
-0.434734 0.219904 0.407806 232.698 3.41647 0.953592 -0.612547
-0.378887 0.230977 0.396469 232.714 3.56143 0.706153 -0.722948
-0.327011 0.245055 0.381136 232.729 3.30474 0.896844 -0.976758
-0.272609 0.262312 0.366336 232.745 3.46561 1.09933 -0.942854
-0.220754 0.276459 0.345268 232.761 3.30341 0.90119 -1.34211
-0.166097 0.288263 0.322413 232.776 3.48191 0.751967 -1.45595
-0.115594 0.301767 0.29676 232.792 3.21727 0.860279 -1.6342
-0.0633132 0.313685 0.269243 232.808 3.3305 0.759224 -1.75297
-0.00798603 0.330623 0.242388 232.824 3.52458 1.07905 -1.71075
0.0397739 0.341242 0.208142 232.839 3.04252 0.676471 -2.18165
0.0929523 0.356154 0.174441 232.855 3.3877 0.94995 -2.14693
0.143273 0.369452 0.141563 232.871 3.20899 0.848012 -2.09665
0.193747 0.383427 0.100732 232.886 3.21204 0.88933 -2.59841
0.243374 0.394717 0.0604284 232.902 3.1648 0.719985 -2.57017
0.292473 0.408193 0.0184148 232.918 3.12779 0.858464 -2.67645
0.325969 0.418091 0.0392057 232.933 2.13386 0.630546 1.32447
0.360117 0.425637 0.0783629 232.949 2.17537 0.480762 2.49448
0.393723 0.437886 0.1148 232.965 2.14084 0.780312 2.32122
0.424068 0.445246 0.146551 232.981 1.93311 0.468848 2.02266
0.458242 0.452487 0.175018 232.996 2.17707 0.461303 1.81348
0.489419 0.462055 0.20207 233.012 1.98612 0.609521 1.72334
0.521477 0.471524 0.225877 233.028 2.04218 0.60323 1.51657
0.553813 0.477928 0.24745 233.043 2.05996 0.407934 1.37432
0.584133 0.484706 0.265822 233.059 1.93353 0.432236 1.17161
0.616928 0.495731 0.285183 233.075 2.08702 0.701607 1.23208
0.646198 0.50124 0.297301 233.09 1.86461 0.350968 0.771967
0.677326 0.509734 0.308553 233.106 1.98506 0.541642 0.717572
0.707747 0.518933 0.318689 233.122 1.93794 0.586016 0.64568
0.738136 0.525816 0.323897 233.137 1.93592 0.438483 0.331788
0.769274 0.530886 0.326049 233.153 1.98366 0.322997 0.137109
0.797017 0.541822 0.329328 233.169 1.76733 0.696695 0.208851
0.821374 0.540752 0.325984 233.185 1.55164 -0.0682015 -0.213002
0.689346 0.591422 0.346949 233.64 -0.290046 0.111314 0.0460564
0.680847 0.576989 0.354216 233.655 -0.541439 -0.919435 0.462944
0.673123 0.554713 0.358434 233.671 -0.492063 -1.4191 0.268729
0.665666 0.525427 0.359971 233.687 -0.475065 -1.86561 0.0979245
0.65571 0.497858 0.366483 233.703 -0.634209 -1.7563 0.414839
0.649917 0.480304 0.380914 233.718 -0.369068 -1.11827 0.919306
0.641055 0.467905 0.39907 233.734 -0.564516 -0.789817 1.1566
0.634512 0.453279 0.41409 233.75 -0.416828 -0.931766 0.956837
0.626103 0.439778 0.429278 233.765 -0.535686 -0.860094 0.96755
0.619505 0.425039 0.44158 233.781 -0.420364 -0.938927 0.783715
0.617142 0.397752 0.446575 233.797 -0.150515 -1.73832 0.318205
0.619612 0.370839 0.451933 233.812 0.15751 -1.71624 0.341641
0.62618 0.336564 0.455242 233.828 0.418409 -2.18345 0.210794
0.629858 0.30748 0.456912 233.844 0.234334 -1.85277 0.106388
0.637376 0.274146 0.458471 233.86 0.478896 -2.12356 0.0993076
0.640789 0.259639 0.466382 233.875 0.21746 -0.924117 0.503995
0.645192 0.260238 0.477336 233.891 0.280453 0.0381251 0.69783
0.647115 0.262924 0.487113 233.907 0.122511 0.1711 0.622812
0.652355 0.269469 0.496005 233.922 0.333793 0.41696 0.566466
0.656884 0.270651 0.501703 233.938 0.288522 0.0753037 0.36298
