1.03079 0.617325 0.210368 233.287 1.87646 0.53243 -1.25589 232967
1.03047 0.608237 0.281247 233.288 1.87326 0.504115 -1.07016 232983
1.03076 0.609293 0.266606 233.291 1.85552 0.502102 -1.13231 232998
1.03 0.602982 0.259515 233.291 1.85562 0.486292 -1.15127 233014
1.03064 0.603545 0.264526 233.287 1.87867 0.491322 -1.11559 233030
1.03027 0.60017 0.260626 233.291 1.8521 0.470429 -1.15025 233045
1.03085 0.598972 0.269551 233.289 1.87169 0.474493 -1.10187 233061
1.0305 0.595953 0.26714 233.291 1.85197 0.457629 -1.12463 233077
1.03017 0.601571 0.263558 233.292 1.84114 0.477403 -1.1467 233093
1.03077 0.605063 0.263477 233.292 1.84163 0.493639 -1.14672 233108
1.03019 0.600257 0.254995 233.294 1.82931 0.468586 -1.19112 233124
1.03093 0.597993 0.25688 233.291 1.85652 0.455881 -1.17776 233140
1.03077 0.599131 0.254138 233.293 1.82804 0.462499 -1.19567 233155
1.03049 0.5876 0.24201 233.3 1.74618 0.363991 -1.28264 233172
