15 97 25074006135
37 98 25074790198
59 100 25075575885
80 102 25076360760
101 105 25077144823
121 109 25077929698
141 112 25078714573
161 118 25079499448
182 125 25080284323
200 132 25081069198
219 140 25081854073
239 147 25082638948
256 157 25083423823
274 166 25084208698
292 175 25084992760
309 186 25085778448
325 197 25086562510
341 208 25087347385
352 201 25088132260
364 189 25088917135
376 177 25089702010
386 167 25090486885
398 158 25091271760
409 149 25092056635
420 141 25092841510
432 134 25093626385
442 128 25094410448
454 121 25095196135
464 117 25095981010
474 113 25096765073
485 109 25097549948
495 107 25098334823
506 106 25099119698
515 104 25099904573
525 105 25100689448
534 105 25101474323
544 107 25102259198
552 109 25103044073
562 112 25103828948
570 115 25104613823
578 120 25105398698
468 92 25122664323
463 94 25123449198
458 94 25124234073
453 96 25125018948
447 100 25125803823
441 102 25126588698
438 100 25127373573
434 96 25128158448
432 93 25128943323
428 90 25129728198
425 88 25130513073
424 90 25131297948
425 92 25132082010
427 96 25132866885
427 100 25133651760
428 105 25134436635
428 105 25135221510
428 102 25136006385
427 99 25136791260
427 96 25137576135
426 95 25138361010
433 99 25140715635
438 101 25141500510
441 105 25142284573
