644 160 25074462576
621 165 25075247451
600 171 25076032326
578 178 25076817201
554 185 25077602076
532 194 25078386138
508 204 25079171013
486 215 25079955888
463 226 25080740763
440 239 25081525638
417 252 25082310513
393 266 25083095388
372 281 25083880263
348 297 25084665138
327 312 25085450013
305 330 25086234888
283 347 25087019763
262 365 25087803826
247 361 25088588701
232 350 25089373576
217 341 25090158451
202 332 25090943326
186 324 25091728201
171 317 25092513076
155 311 25093297951
140 305 25094082826
124 300 25094867701
108 296 25095652576
93 293 25096437451
76 291 25097222326
61 290 25098006388
45 290 25098792076
30 291 25099576951
15 293 25100361013
6 295 25101145888
2 319 25115272826
9 316 25116057701
14 316 25116842576
20 315 25117627451
24 315 25118412326
27 314 25119197201
30 314 25119982076
32 314 25120766951
34 311 25121551826
37 307 25122336701
39 301 25123121576
41 295 25123906451
42 287 25124691326
43 278 25125476201
43 268 25126260263
45 257 25127045138
46 246 25127830013
48 235 25128614888
51 225 25129399763
53 215 25130184638
55 206 25130969513
57 197 25131754388
57 188 25132539263
55 178 25133324138
53 170 25134109013
49 161 25134893888
46 154 25135677951
41 149 25136462826
37 145 25137247701
31 142 25138032576
25 139 25138817451
19 138 25139602326
11 138 25140387201
7 137 25141172076
