-0.500214 0.0367848 0.474041 248.863 -0.0775273 -0.0156694 -0.00185336
-0.436364 0.0460186 0.480125 248.879 4.07176 0.588847 0.387986
-0.378671 0.050142 0.480352 248.894 3.67525 0.262675 0.0144467
-0.316336 0.0550791 0.478025 248.91 3.97106 0.314517 -0.14825
-0.256585 0.0647691 0.474574 248.926 3.81033 0.617934 -0.220079
-0.194778 0.0702649 0.466848 248.942 3.93739 0.350109 -0.492206
-0.13559 0.0756982 0.456319 248.957 3.77443 0.34648 -0.671426
-0.0788798 0.0836036 0.444507 248.973 3.61269 0.503612 -0.752476
-0.018354 0.0885955 0.431182 248.989 3.85576 0.318004 -0.848828
0.0399223 0.0946071 0.415061 249.004 3.7163 0.383366 -1.02803
0.0995324 0.102353 0.394854 249.02 3.79743 0.493455 -1.28727
0.156841 0.10622 0.372767 249.036 3.65083 0.246342 -1.40709
0.214462 0.115441 0.348112 249.051 3.67452 0.588026 -1.57224
0.270232 0.119585 0.322828 249.067 3.55274 0.263966 -1.61069
0.327701 0.125789 0.293212 249.083 3.66106 0.395257 -1.8867
0.383272 0.131481 0.260285 249.098 3.54011 0.362589 -2.09759
0.435699 0.139192 0.22562 249.114 3.34331 0.491727 -2.2106
0.492617 0.141788 0.190202 249.13 3.62592 0.165408 -2.25624
0.545059 0.14651 0.152895 249.145 3.34422 0.301086 -2.37912
0.59801 0.154025 0.113809 249.161 3.37323 0.478742 -2.48997
0.649883 0.157455 0.0691577 249.177 3.30453 0.21855 -2.84446
0.701119 0.160999 0.0237784 249.193 3.26738 0.225954 -2.89386
0.741089 0.16515 0.0303247 249.208 2.54624 0.264464 0.417028
0.774757 0.168829 0.0697093 249.224 2.1448 0.234372 2.50897
0.807792 0.170481 0.10981 249.24 2.10448 0.105196 2.5546
0.841989 0.178326 0.145494 249.255 2.18078 0.500314 2.2756
0.874863 0.181992 0.177152 249.271 2.09417 0.233537 2.01672
0.90071 0.179236 0.20629 249.287 1.64828 -0.175744 1.85817
0.789188 0.21291 0.481379 249.428 -0.789657 0.238436 1.94782
0.737852 0.216258 0.50968 249.444 -3.27369 0.213505 1.80478
0.683592 0.2204 0.539157 249.459 -3.45659 0.263865 1.87778
0.631387 0.222049 0.564189 249.475 -3.32573 0.105022 1.59467
0.579641 0.226301 0.588007 249.491 -3.29641 0.270915 1.51731
0.528495 0.23015 0.609063 249.506 -3.26161 0.245398 1.34272
0.477854 0.230749 0.628389 249.522 -3.22604 0.0381594 1.23119
0.425558 0.235758 0.643038 249.538 -3.33151 0.319114 0.933208
0.375707 0.235221 0.657068 249.553 -3.179 -0.0342602 0.89466
0.324992 0.237264 0.670058 249.569 -3.23076 0.130198 0.827538
0.275542 0.24157 0.679533 249.585 -3.15347 0.274536 0.604248
0.226551 0.242481 0.68495 249.601 -3.12097 0.058035 0.345063
0.176293 0.239755 0.688728 249.616 -3.20165 -0.173617 0.240701
0.128287 0.242605 0.688163 249.632 -3.06133 0.181726 -0.0360375
0.0789067 0.241886 0.688458 249.648 -3.14576 -0.0458075 0.0187704
0.0330813 0.242014 0.686399 249.663 -2.91928 0.00814546 -0.131137
-0.0178067 0.243946 0.680704 249.679 -3.24515 0.12325 -0.363213
-0.0616842 0.252673 0.675829 249.695 -2.79519 0.555956 -0.310511
-0.110608 0.25762 0.669206 249.71 -3.11989 0.315442 -0.422372
-0.15642 0.266892 0.660634 249.726 -2.91843 0.590661 -0.546054
-0.202829 0.26762 0.647225 249.742 -2.95642 0.0463628 -0.854242
-0.250514 0.271731 0.631407 249.757 -3.0409 0.262206 -1.00875
-0.294291 0.276719 0.615828 249.773 -2.78881 0.317753 -0.992449
-0.339821 0.277751 0.596953 249.789 -2.90047 0.0656957 -1.20238
-0.383512 0.283646 0.575948 249.805 -2.78332 0.375567 -1.3381
-0.429284 0.285723 0.55293 249.82 -2.9189 0.132472 -1.46788
-0.472912 0.29497 0.527893 249.836 -2.78217 0.589656 -1.59663
-0.516056 0.298879 0.50189 249.852 -2.74847 0.249049 -1.6565
-0.558357 0.297849 0.472411 249.867 -2.69473 -0.0656648 -1.87797
0.133123 -0.108569 0.560858 249.914 14.6885 -8.63318 1.87882
