1.03062 0.196757 0.260052 249.355 1.9706 0.205505 1.01455 248928
1.03001 0.203917 0.253756 249.347 1.99484 0.21762 1.07758 248944
1.03002 0.210168 0.26215 249.353 1.97792 0.225632 0.994031 248959
1.03047 0.196492 0.262442 249.353 1.98392 0.20427 0.990088 248975
1.03061 0.199163 0.259922 249.352 1.98136 0.207993 1.00887 248990
1.03021 0.203447 0.251911 249.346 2.00418 0.218823 1.08688 249006
1.03091 0.194283 0.25223 249.342 2.02405 0.202603 1.10048 249021
1.03036 0.205486 0.258173 249.344 2.02237 0.226706 1.06325 249037
1.03076 0.203585 0.261579 249.346 2.01795 0.221033 1.03383 249053
1.03022 0.200234 0.26145 249.346 2.01645 0.213194 1.03641 249068
1.03034 0.202083 0.264496 249.346 2.0236 0.217591 1.0386 249084
1.03071 0.200544 0.274214 249.35 2.00858 0.214774 0.993279 249100
1.03032 0.200057 0.276549 249.349 2.01935 0.211183 0.9976 249116
1.03072 0.194418 0.275545 249.351 2.00718 0.190906 0.97988 249132
1.03007 0.194738 0.271198 249.35 2.00573 0.195069 0.972824 249147
1.03035 0.19144 0.272424 249.35 2.00675 0.18333 0.996081 249163
1.03074 0.19403 0.282582 249.354 1.98522 0.187809 0.982017 249179
1.0308 0.197336 0.237464 249.342 2.1192 0.243193 0.832607 249241
1.03019 0.200713 0.299824 249.346 2.04101 0.263253 1.22996 249257
1.03073 0.196726 0.30357 249.35 1.95894 0.198507 1.18101 249273
