12 104 25883827323
35 104 25884612198
61 102 25885396260
83 102 25886181135
107 103 25886966010
131 104 25887750073
155 107 25888534948
178 111 25889319010
200 115 25890103885
223 120 25890888760
246 126 25891672823
269 133 25892457698
290 141 25893242573
311 149 25894026635
332 158 25894811510
353 168 25895596385
373 179 25896381260
392 190 25897165323
412 202 25897950198
430 214 25898734260
447 226 25899519135
465 240 25900304010
482 254 25901088073
496 252 25901872948
509 240 25902657823
522 228 25903442698
536 216 25904226760
549 206 25905011635
562 197 25905795698
575 188 25906580573
588 180 25907364635
600 173 25908149510
613 167 25908934385
605 155 25909718448
587 139 25910503323
568 125 25911287385
549 112 25912072260
530 99 25912857135
511 88 25913641198
492 76 25914426073
473 66 25915210948
454 56 25915995823
435 47 25916779885
416 39 25917564760
397 32 25918349635
378 26 25919133698
359 20 25919918573
340 15 25920702635
322 12 25921487510
303 10 25922272385
285 9 25923056448
266 8 25923841323
249 8 25924626198
230 9 25925410260
214 9 25926195135
196 10 25926979198
179 11 25927764073
162 15 25928548948
146 20 25929333010
130 24 25930117885
114 30 25930902760
99 36 25931687635
83 43 25932471698
69 50 25933255760
55 58 25934040635
40 67 25934825510
27 76 25935609573
12 86 25936394448
5 96 25937179323
