638 119 25883498888
615 117 25884283763
590 116 25885068638
566 115 25885852701
542 116 25886637576
516 118 25887422451
492 121 25888206513
466 125 25888991388
441 130 25889775451
417 136 25890560326
391 142 25891345201
367 149 25892129263
342 158 25892914138
317 167 25893699013
292 178 25894483888
269 188 25895267951
245 200 25896052826
222 213 25896837701
201 227 25897621763
178 240 25898406638
157 254 25899190701
135 269 25899975576
116 285 25900760451
97 301 25901544513
80 300 25902329388
64 288 25903114263
48 275 25903899138
32 265 25904683201
16 255 25905468076
6 245 25906252138
12 160 25912528701
35 148 25913313576
56 137 25914097638
80 126 25914882513
103 116 25915667388
126 107 25916452263
149 99 25917236326
172 91 25918021201
197 86 25918806076
220 80 25919590138
244 75 25920375013
267 72 25921159076
291 70 25921943951
315 68 25922728826
338 69 25923512888
361 69 25924297763
383 70 25925082638
407 73 25925867513
428 77 25926651576
451 81 25927435638
472 87 25928220513
493 93 25929005388
516 100 25929789451
535 108 25930574326
555 116 25931359201
574 126 25932144076
593 136 25932928138
612 148 25933712201
630 159 25934497076
645 171 25935281951
62 136 25936850888
60 137 25937635763
57 137 25938420638
53 138 25939204701
47 138 25939989576
41 138 25940773638
33 138 25941558513
25 137 25942343388
16 137 25943127451
9 137 25943912326
5 137 25944697201
