-0.409663 -0.21409 0.415068 283.192 -0.0305374 -0.015235 0.0177454
-0.347291 -0.214986 0.405588 283.208 3.90867 -0.0561324 -0.594056
-0.280941 -0.216828 0.396166 283.223 4.15787 -0.115437 -0.590425
-0.220116 -0.213955 0.382365 283.239 3.81174 0.180006 -0.8649
-0.155225 -0.214285 0.367247 283.255 4.06644 -0.0206914 -0.947383
-0.0926472 -0.217107 0.350658 283.271 3.92555 -0.177019 -1.04062
-0.0288568 -0.215174 0.328162 283.287 3.99345 0.121025 -1.40831
0.0340482 -0.215021 0.304127 283.303 3.94203 0.00959164 -1.5062
0.0909922 -0.210699 0.282499 283.319 3.56848 0.270815 -1.35537
0.154762 -0.212797 0.250871 283.335 4.00029 -0.131565 -1.98402
0.21404 -0.213282 0.220169 283.351 3.71474 -0.0303863 -1.92398
0.273847 -0.213108 0.186191 283.367 3.74788 0.0108795 -2.12928
0.334309 -0.213122 0.151841 283.383 3.78899 -0.000897671 -2.15258
0.391577 -0.210928 0.115364 283.399 3.58875 0.13753 -2.2859
0.451047 -0.211109 0.0739125 283.415 3.72679 -0.0113743 -2.59763
0.504932 -0.218836 0.0303596 283.431 3.37675 -0.484186 -2.72931
0.550088 -0.216408 0.0286055 283.447 2.83271 0.152299 -0.11003
0.589567 -0.21625 0.0676881 283.463 2.474 0.00985912 2.44917
0.626087 -0.216122 0.103018 283.479 2.28623 0.00807354 2.21175
0.666016 -0.215417 0.137953 283.495 2.50221 0.0441414 2.18927
0.70194 -0.217556 0.167885 283.511 2.25352 -0.134177 1.8776
0.738711 -0.214322 0.197313 283.527 2.30434 0.20264 1.84418
0.774398 -0.216317 0.220647 283.543 2.23633 -0.124993 1.46226
0.811373 -0.217577 0.240853 283.559 2.3171 -0.0789807 1.26624
0.84904 -0.217082 0.262304 283.575 2.36047 0.0310733 1.34424
0.880743 -0.218568 0.279143 283.59 1.98672 -0.0931735 1.05527
0.91915 -0.220245 0.290329 283.606 2.40682 -0.10505 0.700973
0.949601 -0.22189 0.302651 283.622 1.91019 -0.103183 0.772972
0.915494 -0.255713 0.41314 283.75 -0.267164 -0.264953 0.865489
0.86033 -0.262462 0.435115 283.766 -3.45697 -0.422902 1.37712
0.804889 -0.271249 0.452982 283.782 -3.47426 -0.55068 1.11966
0.748766 -0.281323 0.468106 283.798 -3.52061 -0.631941 0.948728
0.695166 -0.289046 0.484457 283.814 -3.35555 -0.483454 1.0236
0.64244 -0.295512 0.495407 283.83 -3.30415 -0.405228 0.686181
0.588593 -0.30304 0.506338 283.846 -3.37441 -0.471754 0.685067
0.533949 -0.310332 0.51458 283.862 -3.42779 -0.457422 0.516993
0.482214 -0.31996 0.516428 283.878 -3.24206 -0.60333 0.115796
0.430433 -0.332848 0.519776 283.894 -3.24497 -0.807671 0.209822
0.377484 -0.339675 0.517554 283.91 -3.31809 -0.427832 -0.139241
0.324606 -0.349452 0.516802 283.926 -3.31367 -0.612644 -0.0471464
0.273007 -0.359114 0.513438 283.942 -3.23355 -0.605487 -0.210799
0.223481 -0.365224 0.508637 283.957 -3.10678 -0.383275 -0.301183
0.169258 -0.37964 0.497604 283.973 -3.39797 -0.903459 -0.691393
0.120648 -0.387544 0.486276 283.989 -3.0462 -0.495283 -0.709855
0.0693441 -0.397789 0.473694 284.005 -3.21504 -0.64199 -0.788488
0.0199649 -0.404299 0.456798 284.021 -3.09442 -0.407975 -1.05881
-0.0294882 -0.416707 0.437477 284.037 -3.09905 -0.777549 -1.2108
-0.0795816 -0.419056 0.419875 284.053 -3.13918 -0.14721 -1.10303
-0.128711 -0.432439 0.399106 284.069 -3.07877 -0.838708 -1.30155
-0.177607 -0.441347 0.373702 284.085 -3.06416 -0.558221 -1.59196
-0.225602 -0.44852 0.349252 284.101 -3.00762 -0.449492 -1.53221
-0.272948 -0.460143 0.319339 284.117 -2.96704 -0.728389 -1.87456
-0.321473 -0.462911 0.289668 284.133 -3.04401 -0.173621 -1.86125
-0.367674 -0.469543 0.258529 284.149 -2.89523 -0.415582 -1.95133
-0.41608 -0.480731 0.223268 284.165 -3.03342 -0.701171 -2.20971
-0.455629 -0.483838 0.187092 284.181 -2.47843 -0.194687 -2.26703
