1.03104 -0.218045 0.267481 283.669 2.08515 -0.00558917 -0.0131753 283177
1.03064 -0.21455 0.268862 283.668 2.09503 0.000523046 -0.0170814 283194
1.03058 -0.22127 0.270211 283.661 2.12674 -0.0101219 0.0297946 283210
1.03037 -0.200411 0.26959 283.668 2.09465 0.0313188 -0.0349193 283225
1.03096 -0.192335 0.273128 283.668 2.10142 0.0447654 -0.0485949 283241
1.03066 -0.203007 0.274534 283.67 2.09546 0.020759 -0.0554338 283257
1.03077 -0.210213 0.278774 283.669 2.10507 0.00435159 -0.0474458 283273
1.03062 -0.220241 0.281661 283.664 2.13924 -0.0182178 -0.0101919 283289
1.03094 -0.20842 0.275825 283.667 2.11554 0.0138828 -0.050071 283306
1.03026 -0.204841 0.277772 283.665 2.13123 0.0235009 -0.0140043 283321
1.03048 -0.22128 0.284237 283.668 2.10933 -0.0344036 -0.0288479 283337
1.03096 -0.228492 0.195715 283.681 1.9657 -0.0522443 -0.474544 283353
1.03016 -0.217329 0.326273 283.654 2.22096 -0.00855596 0.372695 283416
1.03026 -0.214047 0.329553 283.656 2.20231 0.0142702 0.375306 283432
1.03092 -0.215317 0.32849 283.657 2.19035 0.00417664 0.35312 283449
1.03034 -0.218218 0.321368 283.658 2.1694 -0.0183966 0.284737 283464
1.0301 -0.217499 0.320322 283.656 2.20563 -0.0138628 0.306447 283480
1.03049 -0.22281 0.319605 283.658 2.17047 -0.0560082 0.288192 283496
1.03022 -0.222063 0.31956 283.657 2.18487 -0.053857 0.284168 283512
1.03016 -0.223436 0.320156 283.659 2.12279 -0.0722104 0.264719 283528
