20 165 14698159992
46 169 14698957867
72 174 14699755742
99 179 14700553617
125 185 14701351492
152 192 14702149367
178 200 14702946430
204 209 14703745117
230 219 14704542992
253 227 14705340867
279 240 14706137930
302 252 14706935805
326 265 14707733680
350 278 14708531555
372 291 14709329430
395 306 14710127305
415 323 14710925180
432 324 14711722242
449 312 14712520117
465 301 14713318805
482 290 14714116680
498 281 14714913742
514 271 14715711617
530 264 14716509492
546 258 14717307367
563 251 14718105242
577 246 14718903117
594 243 14719700992
609 239 14720498055
624 237 14721296742
639 237 14722094617
649 235 14722892492
645 223 14725285305
623 214 14726083180
603 205 14726881055
581 197 14727678930
558 191 14728476805
535 186 14729273867
513 180 14730072555
490 176 14730870430
467 172 14731668305
443 169 14732465367
420 169 14733263242
397 169 14734061117
374 170 14734858992
350 171 14735656867
326 173 14736454742
304 175 14737251805
279 181 14738049680
257 186 14738847555
234 192 14739645430
212 199 14740443305
189 208 14741241180
166 214 14742039055
144 224 14742836930
123 235 14743634805
102 245 14744432680
81 258 14745230555
61 269 14746027617
41 281 14746825492
21 296 14747623367
7 310 14748421242
