649 94 14695365060
627 92 14696162935
602 90 14696960810
578 90 14697758685
552 91 14698556560
528 92 14699353622
504 95 14700152310
478 98 14700950185
455 103 14701748060
430 108 14702545122
406 113 14703342997
381 121 14704140872
357 129 14704938747
335 137 14705736622
311 147 14706534497
288 157 14707332372
266 168 14708130247
244 179 14708928122
223 191 14709725997
202 204 14710523872
183 216 14711320935
166 217 14712118810
151 205 14712916685
137 194 14713714560
121 183 14714512435
107 173 14715310310
92 164 14716108185
78 156 14716906060
63 149 14717703935
48 142 14718501810
35 136 14719299685
20 132 14720096747
9 128 14720894622
2 91 14726479747
18 83 14727277622
39 74 14728075497
60 66 14728872560
82 59 14729670435
103 52 14730468310
123 47 14731266185
144 42 14732064060
165 38 14732861935
185 36 14733658997
205 33 14734456872
226 33 14735255560
246 32 14736053435
265 32 14736850497
284 33 14737648372
304 35 14738446247
322 38 14739244122
341 41 14740041997
359 46 14740839872
376 51 14741637747
393 57 14742434810
410 62 14743232685
427 69 14744031372
443 76 14744829247
458 84 14745626310
474 93 14746424185
488 102 14747222060
503 111 14748019935
516 121 14748817810
530 132 14749615685
544 142 14750413560
556 153 14751210622
568 164 14752008497
579 158 14752806372
590 146 14753604247
601 134 14754402122
611 124 14755199997
622 114 14755997872
632 105 14756795747
642 97 14757593622
649 90 14758390685
14 136 14759986435
8 137 14760784310
652 269 14764772872
652 269 14767166497
652 269 14858109622
