-0.437623 -8.92494e-005 0.438037 24.6957 3.81111 0.708837 0.0343498
-0.380988 0.0113446 0.435797 24.7113 3.6191 0.730657 -0.14317
-0.322219 0.0211195 0.430795 24.727 3.75551 0.624641 -0.319664
-0.264898 0.0323711 0.423093 24.7426 3.65917 0.718267 -0.491609
-0.207709 0.0438749 0.412645 24.7583 3.65835 0.735889 -0.66838
-0.150442 0.0530084 0.400666 24.7739 3.65955 0.583654 -0.765467
-0.0957979 0.0643102 0.384533 24.7896 3.4919 0.72222 -1.03096
-0.0372873 0.0737172 0.368325 24.8052 3.739 0.601131 -1.03575
0.0176322 0.0836495 0.349164 24.8209 3.50951 0.634703 -1.22444
0.0753456 0.0936697 0.32713 24.8365 3.68805 0.640323 -1.40805
0.128224 0.108304 0.302304 24.8521 3.37906 0.93514 -1.58642
0.184187 0.114897 0.272383 24.8678 3.57621 0.421363 -1.91205
0.237977 0.12891 0.244218 24.8834 3.43734 0.895427 -1.79981
0.291011 0.137078 0.212304 24.8991 3.38905 0.521995 -2.03939
0.347278 0.145034 0.177118 24.9147 3.5956 0.50837 -2.24847
0.397577 0.154944 0.139984 24.9304 3.21423 0.633319 -2.37297
0.451321 0.167016 0.10122 24.946 3.43444 0.771427 -2.47715
0.501691 0.17865 0.0618124 24.9617 3.21874 0.743411 -2.51827
0.551996 0.182307 0.0162269 24.9773 3.21468 0.233718 -2.91304
0.589861 0.192176 0.0361487 24.993 2.41714 0.629994 1.27174
0.62477 0.198345 0.0743199 25.0086 2.23311 0.394643 2.44179
0.659192 0.207027 0.110691 25.0243 2.19966 0.554791 2.32422
0.692373 0.210451 0.142889 25.04 2.11815 0.218567 2.05539
0.726342 0.216656 0.17351 25.0556 2.17076 0.396546 1.95678
0.760195 0.222687 0.200771 25.0712 2.16552 0.385789 1.74389
0.791725 0.227329 0.224645 25.0869 2.01487 0.29665 1.52559
0.824992 0.236503 0.247284 25.1025 2.12368 0.585623 1.44518
0.857076 0.242651 0.267908 25.1182 2.05026 0.392885 1.31796
0.882928 0.242877 0.284987 25.1338 1.65198 0.014449 1.0914
0.795396 0.312722 0.50266 25.306 -0.508506 0.405755 1.26454
0.748297 0.319368 0.527399 25.3216 -3.00975 0.424693 1.5809
0.694414 0.322385 0.548919 25.3373 -3.44327 0.192792 1.37516
0.645229 0.327702 0.567918 25.3529 -3.14304 0.339771 1.2141
0.594201 0.332394 0.584114 25.3686 -3.26084 0.299797 1.03497
0.545955 0.317523 0.590094 25.3842 -3.08304 -0.950301 0.382169
0.497178 0.342107 0.612776 25.3999 -3.11703 1.571 1.44944
0.446508 0.346969 0.622593 25.4155 -3.23797 0.310672 0.627352
0.399479 0.351713 0.629905 25.4312 -3.00525 0.303176 0.467205
0.351268 0.353098 0.635456 25.4468 -3.08084 0.088489 0.354749
0.302044 0.359615 0.639193 25.4625 -3.14555 0.416475 0.238837
0.256272 0.365521 0.640415 25.4781 -2.92498 0.377407 0.0780614
0.206445 0.368835 0.639935 25.4938 -3.18403 0.211812 -0.030657
0.160532 0.376029 0.63506 25.5094 -2.93397 0.459664 -0.311571
0.113473 0.377567 0.629334 25.5251 -3.00723 0.0983295 -0.365883
0.0675635 0.385102 0.621919 25.5407 -2.93376 0.481478 -0.473848
0.0219891 0.390066 0.611643 25.5564 -2.91233 0.31719 -0.656667
-0.0265211 0.392828 0.600747 25.572 -3.09994 0.17654 -0.696286
-0.07153 0.400021 0.584222 25.5877 -2.8762 0.459653 -1.056
-0.116297 0.409395 0.570453 25.6033 -2.86075 0.599018 -0.879836
-0.16076 0.409765 0.551204 25.619 -2.84127 0.0236299 -1.23007
-0.206282 0.41507 0.528729 25.6346 -2.90903 0.338988 -1.43626
-0.250078 0.424046 0.509188 25.6503 -2.79867 0.573607 -1.24871
-0.295291 0.430119 0.483651 25.6659 -2.88924 0.388118 -1.63188
-0.337168 0.435541 0.456289 25.6815 -2.67608 0.346479 -1.74849
-0.380053 0.438913 0.428331 25.6972 -2.74049 0.215451 -1.78663
-0.426464 0.449882 0.395862 25.7128 -2.9658 0.700962 -2.07484
-0.467232 0.454101 0.368591 25.7285 -2.60516 0.269615 -1.74271
-0.512582 0.45728 0.333639 25.7441 -2.898 0.203124 -2.23352
-0.549302 0.461471 0.295973 25.7598 -2.34652 0.267815 -2.40698
0.173595 -0.170445 0.499092 25.8067 15.3984 -13.4604 4.32663
