1.03042 0.277472 0.284052 25.225 1.89215 0.357967 -0.06297 24728.7
1.03078 0.271266 0.283638 25.2201 1.9087 0.351771 -0.0228358 24743.1
1.03029 0.276757 0.28469 25.2243 1.89803 0.358055 -0.0827627 24759.1
1.03092 0.268709 0.284516 25.2199 1.91468 0.348167 -0.0470907 24775.2
1.03029 0.263776 0.283727 25.2176 1.92063 0.341513 -0.0159484 24790.7
1.0305 0.264412 0.283203 25.2122 1.94191 0.345973 0.0325085 24806.7
1.0302 0.277928 0.283139 25.2109 1.94452 0.374351 0.0520619 24822
1.03016 0.279992 0.290014 25.215 1.93941 0.374942 -0.00807789 24837.6
1.03028 0.289098 0.29234 25.2151 1.9435 0.395214 -0.0253619 24852.7
1.0307 0.285533 0.293375 25.2183 1.93195 0.383555 -0.0536422 24869.2
1.03082 0.26648 0.293812 25.2119 1.96563 0.344986 0.00932043 24885
1.03052 0.269902 0.295044 25.2141 1.9525 0.350442 -0.00529288 24900
1.03061 0.26604 0.299931 25.2132 1.96308 0.346335 0.00591604 24916.2
1.03098 0.28164 0.297722 25.2149 1.95157 0.390481 -0.0183134 24932.3
1.03035 0.278385 0.302019 25.2185 1.92815 0.368892 -0.0321345 24946.7
1.03013 0.28186 0.283368 25.1966 2.08384 0.423454 0.168267 25009.6
1.03071 0.272334 0.33522 25.2013 2.03518 0.364935 0.369382 25025
1.03062 0.269703 0.334004 25.2014 2.03458 0.350999 0.36079 25041.1
1.0307 0.264802 0.330809 25.2026 2.01856 0.320418 0.327132 25056.4
1.03094 0.273584 0.330706 25.2027 2.01746 0.38306 0.325065 25072.5
1.03024 0.276469 0.331122 25.2034 2.00279 0.403943 0.324164 25087.8
1.03004 0.272818 0.333699 25.2075 1.91906 0.343919 0.294482 25103.2
