625 117 82899386214
603 118 82900168652
582 120 82900951089
559 122 82901733527
537 125 82902515964
513 129 82903298402
490 134 82904080839
467 140 82904863277
444 146 82905645714
422 154 82906428152
397 162 82907210589
374 171 82907993027
350 181 82908775464
328 193 82909557902
305 205 82910340339
283 218 82911122777
261 231 82911905214
238 245 82912687652
217 260 82913470089
196 276 82914252527
176 292 82915034964
157 308 82915817402
140 304 82916599839
124 293 82917382277
108 283 82918164714
93 273 82918947152
77 264 82919729589
61 256 82920512027
47 249 82921294464
30 243 82922077714
14 237 82922860152
5 232 82923641777
4 171 82931466964
23 162 82932249402
43 153 82933031027
69 145 82933814277
91 138 82934596714
114 132 82935379152
137 126 82936160777
160 122 82936944027
185 119 82937726464
208 117 82938508902
231 115 82939290527
255 115 82940073777
277 116 82940856214
303 117 82941638652
325 121 82942421089
348 124 82943203527
371 129 82943985964
392 135 82944768402
417 140 82945550839
438 149 82946333277
460 157 82947115714
481 165 82947898152
501 176 82948680589
522 186 82949463027
542 198 82950245464
561 210 82951027902
579 222 82951810339
598 238 82952592777
616 249 82953375214
634 263 82954157652
646 279 82954940089
63 137 82956504964
60 137 82957287402
57 137 82958069839
51 137 82958852277
45 137 82959634714
39 137 82960417152
32 137 82961199589
24 138 82961982027
15 137 82962764464
9 137 82963546902
4 137 82964329339
