10 126 82899727783
33 125 82900511033
57 124 82901292658
80 124 82902075095
103 125 82902857533
126 127 82903640783
149 130 82904422408
172 134 82905204845
194 139 82905987283
216 144 82906769720
237 150 82907552158
259 157 82908334595
279 164 82909117033
300 174 82909899470
320 182 82910681908
339 192 82911464345
359 203 82912246783
376 214 82913029220
395 225 82913811658
412 236 82914594095
429 250 82915376533
442 243 82916159783
455 231 82916941408
468 219 82917723845
481 209 82918507095
494 199 82919289533
507 190 82920071158
520 182 82920853595
532 174 82921636845
544 167 82922419283
557 161 82923201720
568 156 82923984158
580 152 82924766595
592 148 82925549033
603 146 82926331470
614 144 82927113908
618 138 82927896345
600 125 82928678783
583 112 82929461220
565 100 82930243658
547 89 82931026095
529 78 82931808533
512 68 82932590970
494 59 82933373408
476 51 82934155845
457 44 82934938283
439 43 82935720720
422 31 82936503158
404 26 82937285595
387 22 82938068033
369 19 82938850470
351 16 82939632908
334 14 82940415345
317 13 82941197783
300 13 82941980220
283 14 82942762658
267 15 82943545095
250 17 82944327533
234 20 82945109970
218 24 82945892408
203 27 82946674845
188 33 82947457283
172 39 82948239720
158 44 82949022158
143 51 82949804595
130 59 82950587033
116 67 82951369470
101 75 82952151908
89 83 82952934345
75 93 82953716783
63 103 82954499220
51 113 82955281658
39 124 82956064095
28 135 82956846533
6 159 82958411408
