-0.566705 0.102319 0.459347 102.95 -0.00959645 0.00353583 -0.00051521
-0.432238 0.132916 0.460405 102.997 2.86527 0.651956 0.0225473
-0.379655 0.13779 0.457951 103.012 3.36373 0.31182 -0.156988
-0.327595 0.135907 0.452187 103.028 3.32679 -0.120333 -0.368319
-0.273151 0.138777 0.442718 103.044 3.48272 0.183581 -0.605712
-0.221137 0.14138 0.433151 103.059 3.32383 0.16635 -0.611379
-0.168243 0.142862 0.417951 103.075 3.38359 0.0947937 -0.972311
-0.117864 0.142509 0.402481 103.091 3.21941 -0.0225632 -0.988586
-0.0672074 0.143838 0.384258 103.106 3.24045 0.085001 -1.16572
-0.0138462 0.145221 0.363173 103.122 3.41348 0.0884836 -1.34879
0.0360611 0.149302 0.340671 103.138 3.18922 0.260766 -1.43796
0.0874451 0.149967 0.313416 103.153 3.28359 0.0424938 -1.74167
0.137903 0.150123 0.285835 103.169 3.22778 0.0100108 -1.76434
0.187586 0.152918 0.253808 103.184 3.17814 0.178785 -2.04873
0.237763 0.155848 0.224433 103.2 3.20647 0.187222 -1.87717
0.285864 0.160844 0.190391 103.216 3.07696 0.319587 -2.1776
0.334864 0.15536 0.14883 103.231 3.13129 -0.350406 -2.65589
0.380311 0.155013 0.11015 103.247 2.9072 -0.0222213 -2.4743
0.429212 0.159558 0.0684387 103.263 3.12492 0.29047 -2.6655
0.47625 0.159023 0.025538 103.278 3.00897 -0.0342659 -2.74432
0.513084 0.162884 0.0287664 103.294 2.35625 0.247007 0.206517
0.546198 0.163702 0.0695476 103.31 2.11607 0.052297 2.60604
0.575248 0.166406 0.105144 103.325 1.85833 0.172957 2.27709
0.607406 0.165857 0.139885 103.341 2.05497 -0.0350765 2.22002
0.637061 0.168898 0.171533 103.357 1.89702 0.194542 2.02454
0.66889 0.171991 0.202875 103.372 2.03397 0.197637 2.00282
0.699669 0.17016 0.227351 103.388 1.96887 -0.117166 1.56571
0.728909 0.173538 0.249109 103.403 1.8705 0.216102 1.39183
0.759159 0.174149 0.271909 103.419 1.93303 0.0390469 1.45701
0.791237 0.17593 0.287516 103.435 2.05204 0.113943 0.998346
0.818564 0.177591 0.307032 103.45 1.74626 0.106147 1.24716
0.848072 0.179 0.319456 103.466 1.88764 0.0901395 0.794763
0.875561 0.178518 0.32883 103.482 1.75841 -0.030879 0.599633
0.781397 0.198247 0.46095 103.669 -0.501703 0.105121 0.703933
0.73145 0.201816 0.474839 103.685 -3.19178 0.228063 0.887562
0.678403 0.20085 0.489586 103.701 -3.39338 -0.0618329 0.943343
0.628018 0.203158 0.500614 103.716 -3.2231 0.147654 0.705491
0.576933 0.207019 0.507821 103.732 -3.26446 0.24675 0.460529
0.527164 0.208284 0.513436 103.748 -3.18367 0.0808769 0.359165
0.475262 0.211365 0.517918 103.763 -3.31674 0.196911 0.286416
0.4258 0.208891 0.519204 103.779 -3.16402 -0.158249 0.0822486
0.376511 0.211434 0.518402 103.794 -3.14973 0.162523 -0.0511872
0.326973 0.210976 0.515934 103.81 -3.1689 -0.0293448 -0.157894
0.278624 0.213266 0.512457 103.826 -3.08965 0.146378 -0.222203
0.227729 0.214664 0.503491 103.841 -3.25568 0.0894332 -0.573552
0.180135 0.216064 0.494555 103.857 -3.04458 0.0895365 -0.571634
0.132501 0.220904 0.484591 103.873 -3.04394 0.309275 -0.636754
0.0831727 0.219211 0.468412 103.888 -3.15548 -0.108301 -1.03492
0.0357089 0.219613 0.45376 103.904 -3.03308 0.0257006 -0.936299
-0.0117016 0.222374 0.436464 103.92 -3.03282 0.176617 -1.10645
-0.060167 0.222363 0.415968 103.935 -3.09708 -0.00070073 -1.30972
-0.107782 0.225679 0.394263 103.951 -3.04593 0.212122 -1.38844
-0.153588 0.227624 0.372278 103.966 -2.93016 0.124446 -1.4064
-0.199635 0.230284 0.345768 103.982 -2.94253 0.169946 -1.69408
-0.245344 0.230705 0.318761 103.998 -2.924 0.0269712 -1.72757
-0.290419 0.232181 0.288627 104.013 -2.88042 0.0942708 -1.92565
-0.336377 0.233748 0.255125 104.029 -2.93988 0.100262 -2.1431
-0.383241 0.237988 0.221538 104.045 -2.99475 0.270921 -2.14632
-0.427839 0.240166 0.187201 104.06 -2.85288 0.139363 -2.19651
-0.471053 0.24074 0.149183 104.076 -2.76151 0.036654 -2.4295
-0.514635 0.243504 0.110789 104.092 -2.7879 0.176852 -2.45601
-0.558168 0.245579 0.0702338 104.107 -2.78186 0.132587 -2.59159
-0.600819 0.248901 0.027488 104.123 -2.72837 0.212501 -2.73442
