1.03067 0.162233 0.292145 103.582 1.74975 0.0293777 -0.57537 103089
1.03083 0.176846 0.29233 103.58 1.75422 0.0533541 -0.547789 103105
1.03005 0.187406 0.296695 103.575 1.77519 0.0703972 -0.513589 103121
1.03057 0.182176 0.298335 103.574 1.78269 0.060352 -0.503113 103136
1.0303 0.180243 0.30061 103.577 1.77457 0.0570095 -0.532635 103152
1.03017 0.17904 0.298677 103.573 1.78592 0.0569022 -0.512731 103167
1.03062 0.199156 0.293373 103.575 1.77501 0.0981937 -0.527517 103183
1.03035 0.186739 0.302332 103.576 1.7775 0.0664537 -0.514931 103198
1.0305 0.164132 0.306121 103.58 1.75902 0.013481 -0.54934 103214
1.03078 0.159038 0.31442 103.582 1.75899 0.00585509 -0.546202 103230
1.03073 0.15661 0.311224 103.581 1.76593 0.00207757 -0.552605 103245
1.03052 0.19026 0.237804 103.554 1.91334 0.101373 -0.505113 103307
1.03046 0.186213 0.354001 103.565 1.8234 0.0836506 -0.169668 103324
1.03023 0.193048 0.358221 103.565 1.82367 0.1132 -0.150518 103339
1.03015 0.18627 0.360042 103.562 1.85497 0.0815364 -0.11074 103354
1.03021 0.19036 0.351575 103.563 1.83963 0.100054 -0.169362 103370
1.03028 0.184816 0.34898 103.563 1.84239 0.0729648 -0.176364 103385
1.0307 0.184284 0.34062 103.562 1.85336 0.0722997 -0.220182 103402
1.03004 0.190134 0.34848 103.563 1.83788 0.105669 -0.171613 103417
1.0309 0.187452 0.351386 103.564 1.83265 0.0884367 -0.159372 103433
1.03082 0.186334 0.347133 103.566 1.79243 0.0730676 -0.21693 103448
