637 140 86814445089
616 139 86815226714
593 139 86816009152
571 140 86816790777
549 142 86817573214
526 144 86818354839
503 148 86819136464
481 152 86819918902
458 158 86820701339
435 164 86821482964
413 171 86822264589
390 179 86823047027
369 188 86823828652
347 198 86824611089
325 208 86825392714
304 220 86826175152
283 231 86826956777
263 244 86827739214
243 257 86828520839
224 270 86829302464
205 285 86830084902
187 299 86830866527
172 299 86831648964
158 286 86832430589
146 275 86833213027
130 263 86833994652
117 253 86834776277
103 243 86835558714
89 234 86836340339
75 227 86837122777
61 219 86837904402
47 214 86838686839
33 207 86839468464
20 203 86840250089
9 200 86841032527
18 159 86849634464
41 153 86850416089
62 148 86851198527
86 142 86851980152
108 138 86852762589
131 136 86853544214
153 134 86854326652
177 133 86855108277
199 132 86855889902
222 133 86856672339
244 134 86857454777
266 136 86858236402
289 140 86859018027
310 144 86859800464
332 149 86860582089
354 155 86861364527
374 161 86862146152
396 168 86862927777
416 176 86863710214
436 185 86864491839
454 194 86865274277
474 204 86866055902
492 214 86866838339
510 225 86867619964
528 237 86868401589
545 250 86869184027
562 262 86869966464
577 275 86870748089
593 288 86871529714
607 302 86872312152
622 316 86873093777
635 318 86873876214
646 305 86874657839
55 136 86876221902
50 137 86877004339
44 137 86877785964
37 137 86878568402
30 137 86879350027
22 137 86880131652
13 137 86880914089
8 137 86881695714
