11 94 86814004220
31 94 86814786658
51 94 86815568283
71 96 86816350720
91 97 86817132345
110 100 86817914783
131 104 86818696408
151 108 86819478845
171 114 86820260470
189 120 86821042908
208 127 86821824533
228 135 86822606158
247 143 86823388595
266 153 86824171033
284 163 86824952658
302 174 86825734283
320 184 86826516720
337 195 86827298345
354 210 86828080783
369 223 86828862408
386 236 86829644845
402 250 86830426470
415 249 86831208095
428 237 86831990533
440 226 86832772158
451 216 86833554595
463 206 86834336220
476 196 86835118658
488 189 86835900283
499 182 86836681908
511 175 86837464345
524 170 86838245970
534 164 86839028408
546 160 86839810033
558 157 86840591658
570 155 86841374095
579 153 86842156533
590 152 86842938158
601 152 86843719783
612 154 86844502220
621 155 86845284658
621 151 86846066283
602 142 86846847908
584 132 86847630345
565 123 86848411970
546 115 86849194408
527 108 86849976033
508 102 86850758470
489 96 86851540095
470 91 86852321720
451 87 86853104158
432 84 86853885783
413 81 86854668220
394 80 86855449845
376 79 86856232283
357 79 86857013908
339 79 86857796345
320 81 86858577970
302 83 86859359595
285 85 86860142033
267 90 86860923658
249 94 86861706095
233 99 86862487720
215 105 86863270158
198 111 86864051783
181 117 86864833408
166 125 86865615845
150 133 86866397470
135 142 86867179908
120 152 86867961533
104 161 86868743970
90 171 86869525595
76 182 86870308033
63 193 86871089658
49 204 86871872095
37 216 86872653720
16 204 86874217783
8 192 86875000220
4 181 86875781845
