405.126 -67.443 -512.571 4676.336 0.000 0.000 0.000
414.771 -64.956 -514.468 4684.672 0.000 0.000 0.000
423.051 -61.166 -513.382 4693.008 0.000 0.000 0.000
441.069 -62.223 -511.712 4701.344 0.000 0.000 0.000
456.267 -59.681 -511.383 4709.681 0.000 0.000 0.000
485.774 -68.964 -507.778 4718.017 0.000 0.000 0.000
487.520 -59.394 -506.440 4726.353 0.000 0.000 0.000
502.452 -53.284 -501.552 4743.026 0.000 0.000 0.000
504.991 -46.331 -500.495 4751.362 0.000 0.000 0.000
530.591 -50.696 -492.224 4759.698 0.000 0.000 0.000
561.641 -58.623 -486.807 4768.034 0.000 0.000 0.000
577.150 -59.132 -474.333 4776.371 0.000 0.000 0.000
592.041 -57.579 -465.272 4784.707 0.000 0.000 0.000
604.143 -57.490 -458.414 4793.043 0.000 0.000 0.000
618.565 -56.052 -450.515 4801.379 0.000 0.000 0.000
630.528 -55.993 -443.769 4809.716 0.000 0.000 0.000
643.970 -55.849 -433.201 4818.052 0.000 0.000 0.000
654.346 -54.774 -425.818 4826.388 0.000 0.000 0.000
668.961 -53.458 -417.279 4834.724 0.000 0.000 0.000
680.709 -52.092 -404.962 4843.061 0.000 0.000 0.000
707.078 -55.911 -379.733 4851.397 0.000 0.000 0.000
745.671 -64.598 -344.396 4859.733 0.000 0.000 0.000
759.916 -63.952 -329.453 4868.069 0.000 0.000 0.000
775.740 -64.469 -315.578 4876.406 0.000 0.000 0.000
788.168 -62.671 -299.816 4884.742 0.000 0.000 0.000
801.291 -63.117 -282.161 4893.078 0.000 0.000 0.000
815.631 -62.566 -266.615 4901.414 0.000 0.000 0.000
828.988 -62.863 -248.158 4909.751 0.000 0.000 0.000
841.945 -63.307 -230.720 4918.087 0.000 0.000 0.000
852.566 -63.429 -218.930 4926.423 0.000 0.000 0.000
